31
9 3
7 11
29 28
19 2
3 26
7 17
4 5
30 14
21 9
21 25
25 8
6 19
21 8
21 7
8 4
26 17
7 0
26 4
26 14
6 30
9 12
14 12
15 11
26 4
21 14
29 13
20 2
1 10
11 23
16 17
25 9
3 1
10 27
5 3
11 10
0 18
20 15
30 2
26 25
6 14
9 5
27 29
7 27
7 16
17 21
2 11
28 3
12 5
0 16
9 11
24 9
27 13
24 27
13 18
19 20
30 26
25 23
30 21
28 14
5 18
16 15
20 26
19 20
9 28
29 2
6 25
13 29
19 27
16 6
14 15
30 6
9 22
5 28
19 17
2 4
3 16
18 21
10 6
10 19
3 6
20 7
29 2
5 16
27 19
22 10
2 21
14 11
11 18
7 30
4 7
2 7
24 18
28 3
24 5
20 25
11 9
1 8
10 5
24 4
24 13
13 26
1 27
5 12
14 12
10 19
17 12
26 10
30 22
11 21
25 1
15 4
8 14
12 18
19 3
21 11
16 3
6 17
30 9
30 14
19 7
0 6
19 26
16 15
26 6
10 25
19 14
2 0
24 19
18 27
9 29
12 10
2 27
9 12
24 21
0 21
6 17
15 21
2 30
14 6
7 8
23 19
8 24
12 25
11 6
1 7
18 11
7 15
19 6
9 18
7 0
22 24
13 12
25 10
24 0
18 1
24 4
10 15
15 4
24 21
6 29
7 15
5 22
3 25
26 13
10 2
11 1
27 24
12 21
3 5
19 5
10 22
15 23
6 17
16 27
21 14
3 6
20 23
9 12
19 20
20 19
0 21
13 22
0 3
24 4
21 10
9 0
1 22
24 5
8 7
2 28
20 3
3 7
25 10
17 11
0 6
30 29
25 13
19 26
14 12
30 2
22 6
1 22
28 23
27 3
30 27
0 17
0 1
24 23
12 10
3 10
16 0
6 9
11 25
4 24
4 1
26 27
7 27
16 2
19 12
5 17
9 4
3 7
5 26
30 17
5 0
25 20
29 30
27 10
24 0
1 29
30 27
23 4
22 8
6 8
20 9
23 27
13 25
3 19
20 0
3 23
0 27
10 28
26 6
7 17
4 6
15 3
0 5
5 22
11 9
29 1
19 21
26 30
15 30
16 2
30 20
26 29
14 5
26 9
12 0
24 16
6 9
18 6
12 23
27 24
0 23
23 17
13 18
16 27
15 2
29 13
20 24
11 3
28 4
10 7
2 3
21 6
10 8
10 23
30 6
14 28
29 6
14 10
22 30
4 7
30 2
20 19
25 29
20 22
2 30
27 2
1 17
8 9
24 18
30 21
23 13
18 19
17 1
29 9
29 0
16 29
3 17
26 1
5 15
1 2
11 3
3 28
11 13
21 29
10 9
19 24
27 8
10 26
4 17
25 5
0 23
6 3
7 1
2 12
16 3
15 27
6 16
22 15
29 11
12 7
20 0
0 17
8 10
11 26
4 16
24 27
22 28
4 21
28 14
6 1
29 0
5 15
22 21
11 0
0 18
21 0
16 5
7 23
15 18
16 20
3 9
14 23
4 16
13 2
0 17
1 27
15 6
9 6
25 19
7 25
6 26
24 21
0 13
13 16
29 2
17 7
15 9
10 0
20 12
29 4
13 26
19 17
4 23
12 23
28 4
28 23
28 16
21 26
29 4
11 25
4 28
30 19
4 9
18 22
19 16
26 1
11 14
17 14
5 29
4 2
0 30
26 29
15 14
24 11
18 3
5 21
0 3
9 3
12 27
25 1
11 19
0 20
0 17
1 5
13 6
8 14
3 1
10 17
15 3
28 1
6 1
22 5
4 29
8 16
24 0
15 4
19 14
22 18
29 24
23 10
28 29
24 0
30 1
17 13
4 13
14 9
14 3
12 16
30 18
30 23
16 15
25 3
27 17
21 25
10 13
4 7
12 26
7 9
27 23
22 30
5 3
6 19
4 18
4 3
3 27
19 16
22 12
6 12
5 16
24 9
23 5
5 28
12 1
20 2
29 25
3 4
11 8
20 13
10 23
15 4
10 29
24 1
11 30
12 14
15 5
23 5
8 26
3 18
26 23
20 24
16 24
29 25
30 16
8 9
7 21
13 17
19 7
16 28
6 26
11 20
0 2
25 6
28 25
23 19
12 17
4 3
13 29
2 29
4 11
5 25
23 20
12 28
6 9
3 1
19 23
0 21
16 4
18 13
27 11
1 9
26 3
10 8
0 13
4 22
8 28
14 28
9 11
1 16
13 1
2 3
30 23
19 3
9 0
0 18
30 7
13 3
17 19
3 28
21 5
20 29
0 1
25 9
13 24
24 23
26 27
22 17
14 26
26 14
24 13
13 29
24 14
13 12
15 11
2 19
29 30
19 30
22 27
10 13
20 3
6 13
29 28
30 12
21 25
