42
28 29
11 25
29 2
32 16
25 6
17 16
4 21
32 15
15 29
20 14
7 33
30 29
21 36
23 22
21 29
5 8
40 28
38 1
19 10
26 23
27 40
27 4
31 40
20 18
16 32
24 8
18 11
27 12
32 7
31 12
36 35
20 35
21 14
34 38
25 16
19 8
14 2
13 1
0 31
18 15
21 0
23 39
9 6
7 0
14 39
12 6
32 30
39 9
3 31
6 28
5 25
34 18
26 5
19 26
34 37
39 13
35 18
8 3
25 16
3 39
11 15
3 41
3 1
8 4
30 14
30 34
38 23
10 22
26 27
4 19
21 2
32 14
20 39
17 3
11 18
40 22
33 0
21 35
1 29
39 29
0 26
21 36
7 29
16 33
13 18
8 34
18 39
4 39
36 20
40 5
38 39
25 28
39 4
19 38
31 16
23 31
40 1
25 5
30 39
37 41
14 3
31 32
0 36
29 34
14 26
37 8
21 20
36 16
24 13
10 12
28 33
1 26
34 25
32 21
20 25
20 34
28 10
25 27
2 10
17 14
34 13
22 13
33 17
29 14
30 39
26 14
31 25
41 21
6 29
0 25
12 19
15 38
27 38
21 29
7 39
41 39
8 21
11 41
36 40
11 23
36 35
37 23
17 34
2 21
21 1
4 33
20 28
5 16
7 32
21 4
31 19
12 8
28 10
3 24
19 24
18 11
19 41
28 12
0 5
31 1
10 23
21 28
7 24
0 14
14 20
19 1
39 29
9 23
39 10
5 15
34 24
26 10
21 10
20 21
15 9
20 23
30 39
9 37
21 8
10 33
28 27
32 23
14 0
4 10
8 9
23 1
31 7
9 11
17 29
30 38
9 12
25 6
21 20
26 29
30 15
13 6
36 28
6 40
36 12
6 17
11 37
22 20
4 37
5 33
25 2
0 37
27 4
15 3
28 2
34 2
14 3
8 29
12 5
23 24
11 38
34 6
18 12
9 13
18 0
39 18
40 32
1 2
5 4
29 6
36 31
20 40
37 28
27 7
33 7
29 0
1 21
7 18
32 14
31 6
14 26
22 12
17 21
12 20
25 41
26 18
28 4
14 23
33 39
28 22
2 14
23 4
35 28
22 23
0 9
27 12
34 5
24 7
26 36
27 8
34 12
26 20
16 40
0 5
35 28
26 38
0 5
0 34
31 20
13 29
29 41
41 21
2 21
26 29
15 12
37 5
22 19
26 38
17 26
0 10
10 24
4 11
29 4
1 18
24 14
3 10
11 2
29 14
21 14
41 36
26 36
0 6
11 24
0 28
6 40
36 16
22 41
25 9
1 24
25 24
39 26
34 6
28 21
18 7
35 15
0 17
7 40
21 18
20 22
2 26
18 39
0 41
36 24
8 35
6 32
17 1
16 9
6 1
29 24
6 22
38 4
38 3
2 17
22 37
24 4
14 19
3 13
13 27
19 5
31 7
22 33
24 30
37 23
17 29
37 13
32 33
17 32
9 39
13 2
19 15
16 39
18 27
8 1
3 13
33 10
34 22
32 22
17 13
37 34
41 32
6 29
24 21
19 31
18 30
31 35
4 32
22 31
41 22
32 10
13 1
2 33
31 22
8 1
17 40
40 8
4 27
30 25
4 17
41 35
6 35
37 10
23 17
40 20
37 30
31 8
29 31
39 19
12 5
20 27
2 16
35 4
1 21
30 5
38 27
38 3
18 33
13 40
7 9
18 2
40 5
9 27
37 6
2 5
10 20
32 12
36 24
16 37
3 2
41 0
28 35
3 2
27 14
0 32
22 19
32 20
22 39
3 17
4 20
12 24
11 22
19 33
36 12
36 37
9 34
23 3
37 23
28 8
24 18
30 41
6 21
4 7
37 6
11 15
16 34
24 38
11 13
30 21
8 25
31 0
4 34
36 28
20 0
8 36
28 7
40 32
26 2
39 21
8 7
35 24
41 15
18 8
29 7
29 35
30 18
35 8
27 19
26 27
27 18
11 34
17 1
16 19
41 36
26 4
29 6
3 0
23 9
29 30
38 22
18 13
14 9
19 41
28 4
27 13
20 38
3 37
38 18
13 35
12 37
39 41
41 40
41 22
7 27
8 3
7 25
14 19
34 32
19 34
2 30
12 38
34 6
34 8
17 27
20 12
24 17
9 22
14 32
27 41
40 29
5 23
1 24
14 33
41 33
25 1
19 36
40 9
0 32
17 16
37 27
40 12
36 19
27 24
4 24
21 33
27 0
33 10
14 22
9 3
4 11
23 40
7 32
38 37
6 13
11 1
38 8
12 30
25 37
11 27
19 32
17 5
32 8
13 3
30 20
6 34
29 27
30 36
16 26
32 22
37 41
21 31
5 33
20 30
28 31
16 4
19 33
7 9
39 20
12 27
40 17
18 28
0 4
20 16
31 8
36 24
8 16
14 13
5 32
0 34
19 16
36 38
5 1
5 2
21 16
27 17
33 1
1 33
6 22
6 35
30 40
17 36
14 29
6 18
19 4
8 38
20 2
32 23
3 38
25 22
10 8
39 1
10 41
32 14
19 36
7 5
35 22
40 5
10 4
23 27
8 31
22 26
31 12
5 34
6 28
14 16
36 10
15 2
7 4
16 26
40 21
31 0
29 35
8 31
14 33
37 2
13 19
33 24
24 26
30 10
38 3
3 6
16 5
11 20
20 37
17 39
25 6
37 10
39 3
0 12
37 35
14 6
13 3
30 35
27 17
2 22
20 3
28 36
8 40
13 26
33 30
22 16
34 17
27 32
19 25
0 14
18 12
20 29
15 7
21 41
24 21
21 0
24 5
34 32
1 5
15 35
33 35
7 26
10 34
14 29
15 12
41 32
22 18
17 35
25 38
34 5
17 13
5 41
19 39
30 20
1 11
34 36
19 16
4 9
28 32
25 40
31 13
20 5
30 14
28 27
6 33
0 18
38 0
35 34
28 11
35 29
23 27
23 40
2 25
5 30
15 30
27 3
1 5
6 32
17 35
15 22
26 15
40 21
13 31
13 41
0 6
28 21
31 7
19 31
33 25
20 4
11 3
5 11
6 12
41 24
3 14
4 29
27 0
6 41
29 19
40 29
23 25
9 11
32 26
0 23
7 18
26 19
21 31
28 41
27 10
2 39
12 30
24 10
36 21
39 14
18 24
35 1
31 4
33 16
3 13
23 21
39 40
1 26
26 27
24 9
35 26
6 3
14 29
13 9
8 21
24 30
12 25
20 15
15 34
18 28
13 37
23 12
36 5
38 21
29 6
14 10
17 26
37 28
33 4
34 10
26 21
21 10
41 36
25 31
10 9
2 5
32 14
0 35
9 19
23 13
34 35
23 7
17 19
34 9
21 24
17 3
3 38
13 0
32 36
31 0
3 34
4 33
4 2
27 13
21 6
24 11
39 4
19 14
21 9
21 40
33 39
1 37
35 15
37 26
7 27
24 9
17 26
0 21
28 25
33 8
29 15
19 26
17 36
41 38
3 18
36 37
15 38
30 9
9 25
33 14
8 13
23 25
40 24
3 24
5 34
32 35
5 8
17 23
2 14
17 4
33 12
39 6
6 27
13 10
4 27
17 16
9 40
12 31
41 36
34 33
27 25
39 33
1 18
33 13
35 37
4 3
34 9
9 17
22 20
26 25
4 1
41 11
41 11
0 39
5 32
30 16
25 19
15 41
11 28
35 4
31 38
37 40
4 12
18 24
38 1
26 39
40 37
37 7
35 32
11 26
20 39
40 2
17 11
1 28
39 36
32 26
31 27
22 33
40 41
15 34
40 0
30 37
35 23
0 29
13 11
13 31
9 11
33 26
22 33
10 17
25 40
0 14
26 22
5 22
19 14
16 17
0 11
10 23
11 39
36 21
8 26
28 17
15 12
37 6
20 13
32 18
11 2
2 31
6 22
9 25
35 23
40 35
32 8
17 41
4 9
20 12
33 6
30 7
16 25
11 36
36 41
13 3
2 13
35 8
34 0
31 27
23 29
18 13
35 12
39 1
33 8
34 37
36 39
12 17
7 4
12 6
15 13
8 27
6 16
19 6
5 2
29 32
20 0
26 12
11 23
13 0
29 3
37 23
41 5
41 6
10 9
12 23
22 21
8 29
35 25
35 39
27 21
29 4
19 11
16 30
33 27
30 20
28 24
2 27
27 1
33 35
8 4
17 30
23 17
16 7
9 11
32 28
39 34
5 8
6 36
41 33
22 20
20 2
20 5
30 21
37 23
29 41
38 15
22 20
31 36
27 40
6 15
26 3
8 29
11 14
23 11
4 2
29 22
2 7
25 32
26 20
12 11
19 8
26 39
28 15
34 11
11 40
25 35
41 31
23 10
1 2
19 5
2 4
25 5
11 9
35 27
5 4
3 12
29 0
38 0
32 8
12 30
31 3
29 20
26 38
21 27
13 25
29 18
8 34
27 15
26 21
41 31
23 2
41 10
0 38
9 33
2 19
19 33
22 5
9 5
1 28
32 12
11 17
30 18
8 14
31 34
35 30
21 14
30 21
23 31
15 32
22 17
9 41
6 31
4 15
34 3
1 24
16 11
40 2
27 6
16 14
40 7
3 17
22 31
38 3
20 11
35 0
26 0
40 32
29 0
3 22
4 3
2 18
14 0
20 39
6 35
11 2
0 12
20 22
2 14
25 22
24 16
21 8
16 17
41 4
17 2
26 19
5 26
35 17
27 14
12 31
7 24
32 5
34 10
28 36
22 9
15 4
26 34
13 0
7 10
4 22
12 28
0 16
13 35
31 38
5 2
27 10
24 17
16 25
0 9
6 9
22 10
35 12
23 34
19 31
36 41
0 23
39 16
34 31
3 30
34 3
13 1
27 29
15 0
12 15
7 16
22 29
25 16
39 4
8 14
36 0
11 36
23 9
8 13
38 11
41 30
15 11
29 40
40 2
40 8
17 5
23 40
32 6
12 29
10 18
41 4
18 11
40 20
6 9
14 16
9 0
31 18
30 27
16 32
26 22
6 29
3 4
18 7
14 3
18 32
3 22
6 14
19 2
32 25
12 4
39 19
4 28
37 34
14 9
25 38
31 23
33 41
40 5
3 16
35 6
37 39
20 14
0 10
37 10
14 35
29 16
19 24
9 31
33 34
25 20
21 7
11 10
6 8
13 9
22 6
13 17
1 33
29 41
41 23
9 11
16 38
28 33
18 37
21 7
27 4
28 6
11 37
16 3
29 25
26 33
37 41
32 26
27 32
26 8
39 37
22 34
23 13
10 16
34 16
1 37
0 5
6 37
19 22
39 4
4 21
35 41
18 26
23 3
14 7
11 1
33 3
22 3
12 39
35 28
38 30
28 2
35 21
19 15
16 24
17 37
15 14
14 41
38 15
13 1
27 23
2 16
26 25
19 38
20 11
22 16
41 8
16 32
28 34
6 2
14 21
40 29
36 10
27 30
25 40
31 8
19 32
25 4
15 0
40 33
11 21
5 9
27 22
41 13
12 3
16 26
23 12
13 15
20 40
3 1
37 32
10 14
22 33
16 35
33 15
24 1
34 30
8 19
8 5
33 20
9 5
4 32
15 3
35 14
6 36
7 36
4 21
15 35
36 8
27 9
33 26
1 21
34 18
27 39
7 5
4 12
9 34
25 24
37 18
36 41
13 1
36 15
21 9
9 15
15 34
22 4
16 21
23 6
39 8
1 3
13 6
15 20
38 39
1 32
15 35
31 26
35 23
40 14
30 5
27 2
37 5
6 11
26 30
17 21
36 16
24 6
20 38
26 17
35 27
5 6
19 36
33 12
16 31
26 2
34 9
4 29
12 9
40 36
37 13
15 31
29 38
37 8
32 22
23 5
28 29
24 20
20 36
36 7
18 37
41 25
41 28
37 6
24 31
1 37
3 33
23 39
26 31
29 4
12 10
10 38
39 32
16 25
9 21
41 4
19 23
1 3
16 8
28 6
9 21
7 40
2 4
25 31
31 29
41 37
37 36
26 10
8 7
19 30
6 21
7 29
20 10
4 28
36 8
36 16
13 32
16 17
15 6
6 1
5 3
38 41
39 22
9 6
29 26
34 5
41 19
23 7
21 8
2 27
0 16
40 32
32 13
4 38
19 5
0 22
1 39
18 22
4 22
7 30
14 39
33 13
17 14
18 38
20 22
20 36
20 11
27 34
15 21
9 20
19 30
19 14
6 39
18 28
5 4
40 2
37 11
17 8
29 12
28 6
34 7
40 12
16 23
2 31
3 12
7 20
40 26
35 4
22 9
30 25
14 28
25 7
37 1
15 22
13 0
28 3
7 25
13 23
6 16
10 7
26 17
28 24
41 19
26 21
28 12
2 40
38 28
6 31
29 21
11 40
19 38
1 26
21 14
5 25
28 13
33 12
30 17
34 28
34 16
5 20
28 8
17 22
36 23
11 21
0 21
19 20
17 18
2 36
32 8
19 8
29 6
25 20
34 17
36 37
36 21
3 11
1 37
34 11
14 34
32 33
10 5
9 13
41 40
19 16
15 38
25 0
2 6
20 34
24 15
30 16
36 33
27 35
27 17
4 41
7 34
31 18
39 38
31 36
36 8
11 7
2 34
8 5
40 28
39 20
41 27
36 33
17 21
27 0
36 29
41 2
22 30
20 19
27 7
14 19
13 23
27 15
13 33
20 11
19 18
30 17
1 24
8 16
2 33
16 38
21 16
38 41
2 16
16 27
21 28
3 34
7 30
8 20
19 28
30 38
2 18
13 2
40 20
18 0
11 35
37 30
7 33
29 9
6 2
35 27
28 38
18 36
24 26
14 1
10 0
39 11
18 9
13 17
29 15
38 22
10 27
27 0
12 35
4 12
28 31
41 24
5 35
6 31
5 40
6 0
9 22
9 20
37 36
7 11
33 28
19 16
