49
24 0
27 0
47 0
14 0
30 0
24 0
46 0
18 0
8 0
36 0
45 0
8 0
37 0
1 0
14 0
46 0
27 0
47 0
20 0
1 0
30 0
35 0
13 0
2 0
40 0
41 0
37 0
20 0
39 0
8 0
44 0
18 0
12 0
26 0
19 0
23 0
28 0
48 0
18 0
42 0
30 0
47 0
28 0
18 0
26 0
17 0
37 0
3 0
1 0
25 0
12 0
13 0
36 0
45 0
8 0
24 0
14 0
36 0
17 0
16 0
25 0
34 0
13 0
19 0
36 0
0 0
32 0
32 0
28 0
12 0
1 0
45 0
35 0
14 0
0 0
3 0
25 0
43 0
13 0
28 0
9 0
1 0
21 0
12 0
43 0
12 0
6 0
22 0
3 0
44 0
33 0
19 0
19 0
24 0
28 0
7 0
42 0
21 0
44 0
30 0
43 0
29 0
36 0
1 0
43 0
33 0
27 0
15 0
28 0
45 0
48 0
1 0
27 0
16 0
12 0
21 0
45 0
13 0
19 0
18 0
17 0
0 0
17 0
5 0
4 0
11 0
19 0
40 0
25 0
15 0
44 0
29 0
40 0
30 0
45 0
37 0
1 0
44 0
45 0
35 0
18 0
24 0
11 0
40 0
43 0
15 0
34 0
0 0
19 0
46 0
35 0
36 0
34 0
30 0
7 0
14 0
11 0
21 0
47 0
30 0
34 0
43 0
29 0
5 0
27 0
3 0
16 0
47 0
16 0
46 0
20 0
33 0
18 0
23 0
24 0
26 0
38 0
45 0
1 0
40 0
33 0
3 0
48 0
1 0
34 0
38 0
15 0
46 0
33 0
1 0
39 0
23 0
9 0
47 0
32 0
44 0
42 0
16 0
5 0
13 0
26 0
6 0
30 0
27 0
39 0
27 0
17 0
9 0
32 0
41 0
11 0
31 0
46 0
7 0
25 0
3 0
15 0
8 0
23 0
19 0
11 0
24 0
15 0
6 0
48 0
44 0
8 0
38 0
16 0
36 0
0 0
20 0
40 0
44 0
17 0
27 0
25 0
7 0
14 0
28 0
44 0
5 0
43 0
24 0
44 0
3 0
12 0
15 0
17 0
23 0
35 0
23 0
8 0
12 0
4 0
40 0
25 0
12 0
0 0
34 0
9 0
45 0
21 0
29 0
32 0
29 0
4 0
18 0
2 0
0 0
42 0
29 0
22 0
0 0
38 0
28 0
2 0
9 0
35 0
13 0
34 0
43 0
32 0
33 0
13 0
43 0
43 0
11 0
32 0
35 0
22 0
10 0
25 0
0 0
29 0
6 0
10 0
8 0
22 0
33 0
31 0
3 0
7 0
46 0
35 0
17 0
13 0
37 0
8 0
6 0
11 0
2 0
22 0
15 0
7 0
41 0
37 0
24 0
14 0
39 0
15 0
13 0
45 0
28 0
44 0
41 0
8 0
33 0
14 0
31 0
14 0
21 0
18 0
7 0
23 0
42 0
16 0
28 0
8 0
22 0
3 0
14 0
19 0
43 0
9 0
16 0
0 0
31 0
45 0
12 0
41 0
24 0
12 0
21 0
20 0
33 0
18 0
36 0
7 0
32 0
11 0
45 0
47 0
40 0
16 0
29 0
13 0
22 0
12 0
11 0
47 0
12 0
4 0
10 0
34 0
38 0
47 0
18 0
22 0
6 0
17 0
3 0
44 0
17 0
30 0
0 0
29 0
46 0
17 0
6 0
6 0
10 0
44 0
10 0
43 0
6 0
7 0
42 0
46 0
14 0
45 0
7 0
33 0
15 0
22 0
14 0
26 0
37 0
9 0
38 0
20 0
14 0
15 0
35 0
29 0
45 0
20 0
1 0
18 0
16 0
42 0
24 0
11 0
45 0
20 0
23 0
40 0
19 0
6 0
29 0
10 0
16 0
38 0
45 0
44 0
8 0
48 0
13 0
5 0
35 0
0 0
22 0
7 0
3 0
7 0
5 0
18 0
10 0
1 0
25 0
24 0
39 0
27 0
43 0
24 0
19 0
43 0
21 0
39 0
20 0
22 0
21 0
9 0
47 0
42 0
16 0
13 0
45 0
44 0
40 0
4 0
23 0
46 0
41 0
1 0
4 0
21 0
46 0
48 0
46 0
29 0
45 0
21 0
13 0
26 0
46 0
29 0
32 0
29 0
8 0
24 0
2 0
43 0
18 0
8 0
45 0
47 0
4 0
1 0
17 0
23 0
45 0
40 0
1 0
3 0
6 0
10 0
47 0
20 0
26 0
