28
27 17
12 1
5 19
27 17
13 25
7 1
15 17
8 20
25 1
21 19
2 24
9 10
16 24
16 14
19 20
14 20
16 15
25 20
27 9
9 12
6 0
13 5
2 5
25 11
7 3
2 21
27 23
3 27
20 4
14 11
8 0
15 24
27 13
0 26
6 22
22 24
22 20
1 8
25 11
20 4
26 22
10 25
2 13
25 22
1 23
17 9
7 4
18 6
1 18
17 19
12 11
15 19
3 1
27 1
24 19
17 22
26 11
19 0
25 0
6 26
7 20
14 11
10 5
25 12
22 16
9 17
16 0
5 1
11 18
25 15
19 13
3 22
25 0
7 3
10 26
10 14
13 5
24 18
14 21
24 3
14 13
3 14
18 16
9 8
13 24
0 16
9 3
22 18
15 13
21 9
12 15
24 25
5 4
27 19
9 23
6 23
8 21
21 11
9 3
3 6
27 15
22 21
2 1
11 17
26 17
11 10
16 7
19 5
23 2
25 5
25 15
0 18
9 6
13 18
9 16
25 20
4 3
25 6
16 9
8 15
10 19
9 10
10 13
16 5
15 25
22 25
12 7
27 21
13 12
12 6
0 21
26 16
24 7
13 17
15 12
11 18
21 0
6 21
17 6
18 24
3 2
24 0
26 20
6 26
13 4
27 22
12 6
7 1
21 19
24 11
24 18
23 15
23 24
21 14
20 8
17 23
22 25
23 20
2 1
2 15
18 1
21 2
7 12
16 12
15 12
7 12
14 27
10 11
20 24
3 12
25 27
6 26
8 0
8 10
2 1
12 21
14 12
18 1
25 11
12 24
5 23
0 13
10 12
10 9
18 1
16 9
8 1
1 2
15 3
14 20
1 27
10 14
8 20
12 3
16 8
9 23
9 22
5 17
27 24
18 27
24 11
7 25
13 9
12 0
7 5
13 18
27 10
19 11
14 7
4 7
14 25
1 20
2 19
10 4
18 7
16 9
16 13
2 13
25 21
2 10
24 1
21 6
5 20
24 21
11 18
13 3
20 27
6 15
4 8
6 4
17 22
17 3
7 26
24 21
8 20
7 13
27 12
2 3
8 23
15 3
13 12
18 11
24 17
27 4
23 3
5 17
20 8
9 2
5 2
22 9
9 8
8 5
10 24
26 6
23 1
3 19
20 5
14 16
22 14
5 17
17 10
19 22
3 0
24 8
14 19
1 8
11 10
25 21
18 23
11 25
25 27
16 17
4 2
17 11
16 6
12 18
1 3
24 4
15 20
24 14
23 25
6 19
3 12
21 27
23 18
24 22
6 25
11 9
26 22
9 5
18 11
18 22
7 22
21 12
2 7
7 27
13 26
3 17
10 24
0 17
15 24
12 21
5 7
14 3
13 8
20 3
19 10
25 27
16 3
23 18
10 14
2 8
12 17
9 6
13 9
24 12
17 20
6 27
4 9
12 14
27 16
8 25
15 25
12 22
27 22
8 13
14 21
2 23
27 0
16 7
12 17
27 2
23 10
7 17
6 3
3 6
19 11
15 18
20 27
12 20
5 21
17 4
26 20
27 9
20 0
1 16
17 12
19 13
23 10
2 13
25 17
3 17
0 18
19 5
1 16
9 19
21 26
23 3
2 6
12 6
6 13
23 8
26 21
5 8
7 18
17 24
22 18
8 24
10 13
26 10
6 1
3 5
24 6
7 2
2 26
21 16
21 1
26 3
6 15
11 13
5 12
21 11
3 1
20 13
27 18
7 5
3 10
22 27
0 14
13 2
12 6
2 17
19 12
20 9
27 15
6 17
27 0
2 13
20 27
12 22
6 1
25 0
24 8
0 10
22 15
22 12
17 11
4 14
3 25
13 18
4 2
17 3
15 4
0 19
3 12
26 10
14 23
22 10
4 23
20 10
10 26
22 11
9 10
25 24
8 23
14 24
9 15
27 24
19 0
0 7
24 26
17 22
21 11
4 9
18 8
3 12
18 10
8 27
20 17
23 12
12 21
8 6
9 20
2 12
4 14
19 0
12 20
23 18
16 11
11 6
4 15
3 22
25 11
6 1
12 1
14 25
7 6
15 16
26 1
12 2
16 4
15 0
24 22
18 24
17 2
3 21
17 18
0 26
1 18
27 13
19 25
22 10
4 9
10 14
11 23
1 27
11 16
11 19
22 2
16 11
4 3
17 5
21 17
15 6
7 26
19 10
24 26
5 12
19 15
10 14
10 11
25 21
11 9
25 5
23 13
17 11
16 18
0 9
19 15
15 10
13 18
20 21
0 9
17 4
25 0
2 7
23 12
13 7
5 10
24 0
7 25
23 15
23 16
6 10
15 16
23 17
21 1
2 18
18 27
18 20
19 14
4 16
5 21
26 1
21 17
27 16
24 14
11 12
5 11
21 13
12 26
14 1
4 12
23 9
15 21
25 3
26 19
13 11
24 2
22 25
26 21
20 22
26 5
3 11
18 2
25 4
15 13
21 27
8 2
15 13
27 2
23 2
16 7
27 18
1 24
17 22
16 23
4 26
1 8
9 19
10 18
7 9
4 12
20 24
26 19
10 22
17 12
10 24
11 12
10 19
13 16
8 9
21 6
10 1
0 13
23 2
4 6
1 8
15 27
0 9
9 6
26 6
16 7
17 12
17 21
26 5
1 19
26 19
1 11
3 26
6 14
22 24
15 3
11 27
15 20
20 21
3 26
21 10
0 5
27 21
15 16
6 27
9 7
10 13
17 1
3 16
7 27
15 22
11 14
21 15
7 14
18 17
7 12
17 25
11 10
12 0
19 11
10 5
23 0
18 10
0 10
9 15
16 4
2 10
4 21
24 22
10 16
7 0
13 2
22 25
26 23
0 21
5 11
11 12
23 1
22 23
23 15
10 12
20 24
22 24
1 2
2 12
18 21
24 15
8 18
25 6
25 0
2 20
11 26
15 24
4 22
4 20
17 0
24 13
22 4
15 8
18 11
11 12
7 26
4 9
7 10
7 17
22 21
9 17
20 25
26 8
3 2
0 20
14 8
18 8
12 17
0 3
0 11
27 19
22 3
0 1
25 7
18 4
13 0
21 5
9 3
13 12
17 26
17 3
6 7
23 19
24 6
24 19
5 15
13 20
27 17
19 17
21 4
1 27
9 22
2 6
19 4
16 20
7 23
27 15
26 23
11 4
3 2
21 2
0 13
1 27
2 20
0 8
8 14
7 17
8 21
8 11
9 24
3 17
3 14
4 1
9 27
17 24
13 10
10 13
23 24
12 10
0 13
18 9
27 9
10 19
14 18
15 24
27 18
25 2
5 13
4 26
12 5
7 25
16 17
11 23
13 7
5 14
20 7
7 3
0 17
23 15
8 10
11 19
12 20
21 1
5 9
12 17
15 3
26 15
20 21
10 18
1 0
16 5
19 23
9 20
12 16
19 4
10 2
7 6
22 1
20 11
22 4
0 21
19 10
20 23
4 15
13 17
15 13
22 18
20 15
10 17
3 1
5 13
15 13
20 21
26 12
4 20
0 16
26 19
11 18
14 15
5 12
16 4
9 22
23 2
10 17
19 13
19 24
11 18
9 15
24 7
11 0
12 23
1 22
14 12
12 11
2 8
27 6
18 21
1 20
3 23
1 22
3 24
24 13
11 20
4 6
5 0
1 6
22 27
2 19
11 13
21 4
24 27
22 1
13 26
17 16
5 18
22 8
26 2
5 9
23 10
15 12
22 0
2 17
27 4
20 22
1 13
26 9
24 4
10 21
14 27
21 19
1 27
0 11
2 5
20 9
27 19
21 6
19 7
7 18
11 27
25 24
12 23
5 20
0 27
26 27
19 18
12 3
2 24
5 19
0 26
3 4
3 9
7 10
16 10
5 15
7 1
11 2
6 15
14 5
13 16
17 15
13 20
17 21
9 20
21 7
23 9
22 4
17 4
4 27
9 19
6 10
14 20
0 2
7 17
27 4
18 16
19 3
20 24
1 24
1 20
20 11
14 8
12 18
13 11
11 16
1 5
3 21
5 17
12 7
0 25
17 3
12 9
7 20
23 4
5 15
24 0
2 4
12 4
1 7
0 18
8 5
5 14
23 6
10 2
6 11
11 7
14 23
1 22
15 24
26 20
11 6
21 25
22 17
14 24
25 14
26 17
3 26
9 14
0 27
9 23
7 23
18 8
1 17
16 11
10 11
17 15
21 12
4 7
20 13
5 18
3 20
21 6
19 14
4 3
25 13
27 16
21 17
8 22
19 24
6 13
8 23
0 1
19 16
20 11
2 9
1 17
1 6
7 20
4 12
8 2
9 7
18 2
8 27
25 27
23 15
12 15
22 24
0 26
13 20
9 27
1 23
0 3
1 7
7 6
19 15
8 13
6 10
15 9
24 26
17 11
11 4
18 19
5 16
16 9
9 15
23 4
27 10
18 7
17 24
10 17
16 23
23 10
11 22
20 7
5 9
3 0
25 5
19 14
21 8
24 2
7 19
19 7
1 9
14 2
17 24
3 5
20 11
15 5
19 6
10 12
21 10
22 26
14 8
19 22
16 6
13 19
25 20
20 18
18 7
7 15
10 24
19 21
11 18
11 15
24 5
27 18
0 5
16 14
14 20
20 14
10 5
6 19
10 9
0 17
16 15
12 18
17 7
8 0
22 17
18 6
7 18
11 7
16 9
11 20
24 21
25 2
12 7
12 21
8 14
21 7
10 5
10 27
13 2
12 19
19 2
9 10
4 5
18 4
14 1
24 22
23 5
8 19
25 5
25 17
19 18
8 13
24 18
12 21
5 8
24 10
6 7
26 11
25 2
9 10
10 4
17 16
12 9
13 17
6 2
20 24
22 5
4 13
2 25
18 10
6 26
5 12
5 15
7 14
18 16
9 12
4 26
12 1
19 25
18 9
11 23
18 6
12 22
3 14
4 5
9 10
3 14
6 21
1 13
19 3
1 0
0 6
11 12
7 2
22 9
12 17
16 2
7 1
8 22
27 24
27 20
6 15
18 12
20 4
25 11
19 11
24 19
1 19
4 20
21 10
13 17
27 2
3 19
15 24
13 26
20 25
19 11
12 9
7 4
13 17
27 17
0 7
8 13
26 24
5 4
18 5
18 20
21 19
17 6
18 21
3 9
4 15
2 12
3 0
1 15
17 13
6 9
26 17
6 15
21 24
5 10
26 10
3 19
1 4
10 3
26 13
24 14
13 27
10 0
11 23
15 0
20 6
21 18
23 11
5 16
8 23
10 18
17 14
22 18
2 4
6 12
17 2
11 14
1 21
15 24
1 14
24 21
20 2
24 15
13 15
5 8
26 24
9 24
2 0
26 6
18 11
7 20
22 6
27 21
2 0
7 11
6 0
13 2
27 26
15 4
8 25
12 17
21 14
1 19
4 19
14 23
24 20
17 2
20 10
4 2
27 10
2 12
24 1
23 24
0 11
16 25
7 17
18 5
3 22
21 6
20 16
2 13
6 16
17 0
5 2
4 0
16 1
24 2
8 4
2 19
20 12
10 22
14 15
25 8
8 3
13 24
18 26
14 6
27 11
4 13
0 16
14 1
25 16
21 1
2 12
6 26
6 0
13 21
9 5
13 24
18 21
14 0
20 5
27 3
0 16
0 4
14 13
1 14
6 15
17 2
21 27
8 5
12 13
14 18
10 22
8 4
9 21
8 26
20 11
26 20
11 27
25 10
24 10
24 3
25 5
2 25
26 7
9 11
5 11
22 0
4 10
21 25
18 19
1 13
17 22
8 0
3 18
25 13
15 0
23 24
17 25
21 15
17 15
11 22
26 5
22 14
27 15
11 17
6 25
14 8
19 22
8 6
25 5
3 12
17 26
20 7
8 14
6 25
1 17
19 11
6 14
26 5
13 21
6 4
18 4
12 21
27 20
27 24
10 3
20 27
13 12
18 21
10 25
18 23
26 22
7 17
20 17
22 5
10 13
9 1
17 5
6 0
10 6
8 20
9 12
3 22
9 22
0 19
3 18
27 13
12 6
2 4
23 9
22 17
22 15
2 23
21 9
8 3
15 16
23 8
13 10
14 22
16 14
25 19
17 24
17 13
14 19
2 21
12 24
11 18
11 25
14 16
6 22
19 5
22 26
13 19
21 12
13 9
10 23
13 27
19 2
25 18
5 27
11 18
7 6
8 2
4 6
19 10
12 22
0 19
5 25
10 26
9 24
7 20
3 20
3 22
22 0
12 27
8 2
6 14
22 9
18 1
12 13
13 6
13 4
11 22
27 21
4 23
1 8
26 21
23 4
0 24
1 24
7 9
26 7
20 19
26 5
3 23
3 21
20 19
17 14
18 10
2 25
11 22
7 17
18 24
1 26
25 5
18 7
15 9
11 6
7 17
21 14
4 15
6 23
4 21
26 23
23 10
18 3
11 8
27 12
6 8
21 23
10 0
11 19
11 17
11 12
23 9
16 10
16 12
26 9
10 24
16 17
18 6
20 1
26 3
25 16
23 2
12 17
2 7
21 26
8 16
10 3
25 27
13 11
23 22
5 4
11 22
22 1
27 8
12 2
17 0
10 20
24 27
6 3
20 4
12 8
15 18
14 13
3 9
20 10
14 24
5 20
3 6
19 23
18 6
12 19
16 27
27 23
3 4
11 27
24 26
26 14
24 23
18 5
16 0
3 24
5 24
11 23
15 6
14 5
3 17
21 3
16 5
26 3
9 22
2 5
20 13
20 17
8 10
6 8
22 10
17 27
18 0
6 17
7 20
23 22
21 0
25 22
5 8
25 14
2 12
20 22
25 24
23 17
18 14
26 12
24 15
23 26
15 1
15 6
6 10
12 27
11 10
21 0
2 3
15 4
27 19
10 24
27 18
25 17
4 23
13 0
22 8
26 22
21 25
12 27
8 25
11 3
19 16
3 21
3 2
25 2
5 19
10 4
9 8
5 13
15 18
25 10
10 23
16 21
0 27
13 9
10 0
0 11
15 5
14 18
2 17
7 6
27 24
15 19
1 7
4 10
1 26
6 17
26 11
1 26
8 11
20 8
23 3
23 1
2 25
15 19
17 21
2 13
21 22
26 6
13 14
16 14
25 22
15 23
17 16
5 9
27 26
1 7
13 9
8 15
18 7
18 7
1 21
20 22
27 19
12 17
0 26
14 7
13 22
24 13
27 18
25 9
3 4
23 12
24 22
3 13
10 16
18 15
22 17
18 6
1 7
7 11
6 14
24 0
22 9
11 12
18 21
16 22
0 12
18 22
15 22
19 10
22 9
25 17
26 15
23 27
6 2
22 12
16 18
12 23
12 24
19 2
1 7
9 1
4 27
23 3
5 27
13 0
8 22
1 7
9 24
18 16
11 13
12 11
15 25
6 11
5 26
26 6
17 7
7 21
18 14
25 24
13 22
8 6
17 9
25 10
17 27
26 0
12 23
24 12
20 2
7 9
12 5
27 14
12 6
7 3
4 16
11 2
23 3
8 12
24 17
6 13
16 5
26 13
12 22
25 4
8 4
25 5
22 24
19 18
14 10
5 2
11 16
4 6
3 24
2 27
25 8
25 14
25 7
27 9
13 8
25 5
24 6
10 18
2 1
9 16
24 14
3 7
15 19
25 2
16 27
14 13
19 11
11 17
2 10
10 27
18 20
4 27
26 27
17 1
0 26
1 24
25 4
15 24
24 12
26 24
23 12
21 15
7 5
16 9
27 26
8 2
18 25
1 17
24 18
2 8
1 3
17 10
20 4
6 0
17 4
8 12
17 1
11 24
18 27
18 26
26 20
0 7
21 17
3 23
19 12
24 7
1 6
11 5
24 11
6 1
3 18
4 14
26 7
14 16
25 24
27 1
24 6
6 14
10 1
17 6
10 8
7 0
19 24
25 14
15 26
1 18
0 6
16 26
25 14
15 6
10 14
7 4
25 5
14 10
6 4
20 27
11 5
2 20
14 1
7 12
2 9
24 20
9 22
17 24
21 23
6 19
14 25
24 11
14 22
22 5
27 26
4 22
15 6
14 1
7 5
25 10
26 21
2 8
0 4
4 21
27 22
25 14
20 5
9 6
27 15
23 10
14 27
17 13
6 15
15 25
5 12
19 3
6 11
6 10
27 11
21 22
20 19
14 25
1 4
9 16
0 3
14 11
20 12
1 8
27 13
11 2
0 1
8 12
7 2
11 3
24 17
23 15
3 5
0 20
14 1
4 17
27 15
22 11
17 14
10 0
11 22
2 11
23 11
7 15
25 3
2 21
20 25
9 8
14 21
0 22
16 2
22 15
24 5
16 10
16 21
22 3
16 1
26 24
0 23
27 2
17 19
12 10
11 26
3 23
11 26
11 13
4 27
21 9
27 15
9 16
20 15
19 8
17 4
17 12
15 4
13 19
16 23
2 26
11 26
9 21
21 22
25 4
27 18
4 14
0 4
6 27
7 15
16 24
3 18
20 3
22 18
22 25
8 20
8 18
2 1
12 8
10 0
8 13
4 22
25 8
13 24
27 0
13 23
15 0
18 9
18 24
15 17
7 8
7 21
21 3
2 16
4 22
1 20
0 26
13 22
12 25
19 20
13 6
4 15
27 22
24 14
21 13
22 13
4 27
7 8
1 23
24 7
24 0
8 22
13 5
0 10
3 20
14 0
10 18
27 10
24 23
8 17
8 2
3 25
2 22
5 15
17 13
7 25
13 15
3 11
4 3
5 19
23 19
3 6
9 3
0 5
10 8
6 3
23 21
0 9
15 5
8 16
2 15
13 27
2 16
22 19
4 27
10 11
2 14
17 23
1 12
11 10
3 14
5 24
14 26
24 3
6 12
17 22
10 17
8 10
23 27
14 23
22 26
9 20
27 5
21 13
17 16
23 20
3 12
1 10
25 5
16 21
22 15
23 3
10 19
14 8
26 8
18 7
0 2
24 5
15 26
22 10
2 25
6 3
26 16
12 15
16 18
22 11
17 26
27 20
12 20
18 5
10 5
12 6
11 27
16 5
21 19
14 27
6 24
27 19
12 0
21 6
23 22
7 21
22 12
17 26
2 22
8 24
12 5
15 7
16 3
24 10
6 22
21 13
18 5
16 14
5 9
4 12
3 12
5 9
24 6
7 10
13 0
19 25
17 6
16 5
21 12
27 0
6 5
13 8
10 1
23 27
22 27
11 25
23 0
19 3
6 10
26 3
10 17
12 11
7 0
17 0
24 0
12 14
5 9
23 27
10 18
26 16
1 21
26 25
21 17
0 12
11 26
15 6
27 0
17 6
0 6
19 9
19 3
23 24
25 18
8 19
20 6
8 22
0 6
19 5
7 3
17 18
2 17
24 13
1 14
20 13
4 23
22 23
10 18
4 7
20 12
27 13
2 7
7 14
13 10
20 4
13 21
22 27
22 19
13 23
17 5
9 5
12 3
1 22
5 17
2 26
1 11
15 20
2 17
12 6
21 25
11 15
25 6
18 22
1 19
11 22
25 23
26 10
17 15
27 3
13 12
4 24
27 8
26 1
25 22
7 2
20 19
2 1
9 4
7 22
24 18
17 21
13 27
3 14
14 2
18 0
14 22
8 25
15 19
27 12
13 18
27 17
21 1
2 5
9 1
11 26
6 24
25 9
11 23
23 1
23 21
7 16
19 22
7 2
19 4
4 18
22 26
3 8
12 8
18 21
10 1
3 16
10 12
10 21
8 17
6 15
11 25
3 14
