30
3 5
13 7
12 7
13 19
28 9
17 21
26 11
5 27
12 25
21 11
12 17
7 20
17 21
20 27
4 15
0 1
28 0
13 27
13 26
16 3
27 4
24 16
7 0
13 11
17 27
22 21
14 22
4 2
13 24
21 9
9 14
10 29
14 23
27 19
11 5
22 8
1 8
24 8
0 12
9 27
26 1
3 18
5 23
29 19
2 0
3 12
21 9
27 10
28 8
16 12
9 17
20 25
18 21
17 22
0 14
18 23
18 7
28 15
22 19
26 25
11 29
29 3
0 19
13 20
19 21
2 28
1 23
16 11
6 3
3 28
10 21
22 28
20 12
5 13
2 0
13 23
29 8
24 10
14 0
5 9
20 28
24 28
9 22
2 12
20 12
26 4
2 16
17 29
21 19
1 21
24 17
13 3
3 23
17 9
15 14
18 6
13 12
4 14
4 28
19 17
2 15
13 26
23 0
26 15
11 19
28 6
6 11
1 9
27 18
11 12
24 29
10 29
4 7
14 0
27 3
9 0
10 23
26 3
15 14
10 27
4 9
25 2
12 26
4 9
6 15
14 0
6 16
22 10
15 28
3 13
1 4
5 3
27 1
28 13
8 9
2 12
10 27
14 22
23 18
24 21
3 0
13 2
8 5
4 24
3 7
7 26
12 29
1 5
20 6
13 29
8 25
1 5
2 15
20 12
1 11
8 1
25 10
10 0
14 4
26 14
3 22
18 15
14 19
20 4
18 26
25 26
13 26
2 15
3 22
20 5
4 28
6 21
8 21
14 4
9 28
7 2
8 22
8 20
5 4
8 23
21 4
6 9
28 14
12 21
4 17
17 2
24 8
2 24
21 16
29 1
7 6
25 7
21 25
27 18
29 5
11 12
2 17
21 0
23 3
13 27
21 22
21 7
22 23
1 6
2 0
7 1
29 24
8 12
11 6
0 10
3 14
5 20
5 28
6 8
3 29
26 25
6 10
10 0
16 12
0 15
5 21
1 14
3 12
20 3
14 15
6 28
13 19
3 11
25 12
6 20
3 24
7 2
5 18
2 13
22 24
29 28
16 0
4 19
13 16
15 27
1 21
18 14
2 21
17 19
25 16
2 29
10 9
1 7
19 25
21 4
19 12
2 5
12 28
25 17
14 10
7 15
23 25
22 18
8 1
29 4
17 1
3 28
11 26
5 22
21 18
26 2
0 20
8 5
18 3
22 2
5 21
10 20
8 24
8 17
25 8
21 13
1 16
3 12
4 0
27 17
19 23
19 6
27 24
16 22
9 11
27 22
21 10
1 7
18 2
18 1
15 20
17 10
24 13
11 21
0 7
19 11
5 17
28 21
1 7
24 21
21 15
1 22
14 11
2 17
22 3
24 12
12 5
28 25
16 12
17 8
11 7
19 16
16 9
29 17
8 24
0 1
1 14
16 5
17 25
27 12
19 9
25 24
29 12
2 11
0 2
22 29
14 0
7 23
0 24
2 16
17 24
17 18
8 25
23 25
20 12
0 10
13 17
26 13
29 21
24 21
15 9
12 29
9 19
23 1
6 17
17 23
11 27
3 11
22 19
7 13
1 7
15 16
11 20
15 24
14 29
10 15
11 9
25 23
24 18
29 3
6 22
6 3
25 18
17 14
17 0
8 16
7 23
2 11
13 9
5 19
0 7
27 4
9 14
27 25
2 26
29 8
10 5
3 27
15 21
4 2
13 12
18 21
27 12
24 10
22 29
21 22
7 18
26 8
2 15
3 5
3 2
5 13
0 1
11 7
14 7
10 19
19 20
10 16
3 4
18 17
26 9
1 25
20 3
22 5
6 19
9 1
17 22
23 18
25 0
24 2
2 13
13 23
16 29
18 12
9 27
8 19
28 25
1 18
28 23
24 27
5 3
20 22
17 13
2 5
5 26
29 8
9 5
23 25
26 11
8 6
0 8
17 28
4 18
9 24
3 13
8 28
25 22
7 0
24 4
6 12
26 14
22 1
29 9
27 2
9 3
2 18
20 0
22 0
9 8
4 22
12 24
9 27
24 10
13 28
16 26
24 22
10 25
21 19
15 23
29 18
25 9
1 17
1 19
1 5
15 10
2 25
29 26
5 12
16 21
8 11
5 18
28 26
0 5
11 21
24 28
0 17
7 23
10 18
24 16
4 2
18 6
27 17
24 21
10 15
0 13
12 10
4 0
2 9
11 23
25 1
23 12
8 16
23 27
3 1
23 5
11 29
24 20
15 18
11 25
3 9
7 14
13 7
8 22
18 2
18 11
17 22
19 4
15 8
29 8
1 4
19 22
28 9
7 16
21 3
11 16
4 18
22 17
17 1
1 27
3 11
8 20
4 19
16 11
28 7
20 21
11 1
14 1
11 13
9 24
8 12
10 12
22 3
21 9
4 15
6 29
26 6
11 0
26 20
4 16
27 24
7 1
17 13
24 28
27 4
14 27
16 17
2 9
20 15
10 16
0 17
7 27
23 10
19 11
0 23
27 20
9 5
13 19
18 7
17 7
3 24
27 20
11 29
21 23
6 1
1 7
10 8
26 4
18 15
7 11
1 5
23 2
10 6
21 20
5 1
20 9
17 9
29 28
0 12
13 6
13 14
13 24
22 9
20 2
17 27
5 10
2 28
4 26
17 10
19 29
19 6
8 10
26 8
22 9
14 27
23 20
21 15
21 3
9 0
23 15
10 17
13 7
22 10
3 1
12 14
0 23
20 8
25 16
8 9
25 14
6 10
26 20
17 10
15 26
10 8
3 13
26 9
20 10
19 15
11 23
29 11
8 11
11 3
27 11
4 14
17 10
24 14
22 3
24 8
29 26
16 3
9 12
12 21
22 23
6 25
8 27
6 16
8 9
11 27
12 15
3 0
17 19
14 10
22 0
18 14
26 9
28 9
13 19
23 6
18 19
6 7
17 14
16 19
25 5
1 2
9 1
19 28
15 21
13 7
9 27
4 6
6 2
7 19
13 22
25 23
3 23
1 21
7 9
2 24
14 3
26 15
5 7
6 12
29 19
12 0
16 28
22 10
27 11
15 20
28 9
23 21
2 6
20 3
0 14
9 4
2 25
1 9
1 5
0 12
17 23
28 3
21 20
5 11
23 21
1 21
22 16
4 16
15 24
19 15
0 28
11 2
15 12
3 8
10 26
20 27
19 18
23 2
0 28
13 23
11 6
6 25
15 2
11 0
18 22
7 18
21 19
12 6
23 8
15 3
26 5
23 7
16 9
16 6
15 2
10 21
0 5
6 3
9 28
21 1
6 2
14 17
6 13
2 14
20 28
2 17
21 9
3 7
19 12
5 26
14 15
17 14
13 16
9 14
6 23
15 4
25 22
21 1
5 16
8 25
14 10
4 5
20 8
12 1
20 9
27 26
25 6
2 8
14 12
22 21
5 29
25 22
13 9
15 10
25 23
27 9
26 2
6 8
10 18
1 22
19 20
10 14
26 12
14 3
16 28
24 13
20 11
27 3
20 13
14 15
28 11
16 13
22 24
15 2
25 29
22 15
9 28
4 14
13 7
22 3
23 6
23 4
25 19
25 8
3 2
7 6
11 15
12 3
10 19
28 27
19 12
13 28
10 9
4 15
8 27
19 1
25 4
5 20
23 22
29 26
17 28
25 28
13 29
23 15
18 21
13 7
25 18
28 6
27 2
13 5
21 2
28 16
29 3
7 22
26 6
11 5
26 6
3 9
5 26
25 15
10 8
23 5
18 13
3 15
7 9
12 29
3 10
15 2
5 22
25 23
20 6
28 16
4 1
26 1
20 13
16 0
13 1
27 1
6 23
8 14
2 20
13 5
22 20
8 27
13 25
21 25
23 11
12 27
13 0
20 3
13 28
25 18
0 14
19 28
7 19
12 9
1 17
7 23
0 15
12 5
2 25
0 25
7 12
22 12
12 4
7 17
2 5
24 8
16 23
16 27
27 17
28 7
24 13
7 1
26 12
3 13
4 20
12 17
12 24
21 8
1 11
25 28
5 4
7 20
20 4
10 29
3 17
16 17
4 20
13 10
24 3
22 11
8 17
25 16
10 26
19 6
24 17
2 1
7 14
28 17
13 1
26 29
9 12
9 6
2 14
16 27
9 0
0 17
17 26
20 13
15 26
0 2
28 23
2 4
21 19
17 14
8 9
16 20
10 14
15 24
22 12
3 22
4 13
2 22
1 22
5 16
10 27
11 0
21 13
4 24
13 11
2 22
27 15
2 11
0 18
25 4
14 17
8 27
11 0
20 3
28 5
17 9
5 0
14 1
5 1
15 8
25 29
5 10
2 8
2 12
25 6
26 12
15 23
16 7
5 19
27 4
17 15
13 22
15 20
24 12
21 1
12 16
0 17
19 24
17 21
7 12
20 3
17 5
19 3
4 24
14 2
28 1
9 4
16 24
2 21
7 3
3 15
25 13
4 20
22 18
27 8
0 6
5 19
1 6
7 25
4 1
4 8
17 13
24 11
4 1
6 29
17 1
12 13
21 27
23 10
24 23
11 0
28 22
1 0
20 8
25 1
22 25
18 5
12 21
1 13
27 0
22 21
5 28
12 24
21 23
18 7
26 10
5 10
3 27
1 3
15 18
5 29
5 15
26 17
7 27
23 4
19 15
25 16
5 0
10 19
15 20
26 3
0 23
13 3
21 6
29 28
24 4
19 22
19 15
9 26
4 2
23 15
10 24
15 10
4 17
17 0
20 17
24 26
13 7
24 12
5 11
16 3
27 1
12 24
5 15
9 12
25 19
6 2
22 3
7 9
20 7
22 7
23 10
12 0
4 16
27 7
24 13
10 22
6 23
8 3
0 17
16 17
28 22
19 20
25 26
22 15
26 6
15 19
8 19
12 4
6 9
12 0
15 22
22 21
15 22
25 7
9 11
24 0
25 6
12 13
2 4
20 2
27 2
10 17
14 15
15 27
15 0
11 0
14 19
14 9
26 16
12 13
16 7
19 28
12 13
25 3
26 19
0 28
0 9
12 7
24 19
26 2
20 7
24 26
26 8
5 15
24 9
28 10
8 9
1 21
14 26
24 10
7 16
8 29
26 12
6 20
24 14
6 24
8 2
20 17
7 27
3 8
17 6
16 26
7 3
25 23
13 2
2 14
2 28
18 0
10 12
25 18
19 3
20 1
12 19
21 16
27 8
22 6
27 21
5 0
8 21
13 10
23 19
4 21
8 27
23 12
22 18
1 3
14 13
26 18
25 17
26 14
18 10
20 15
1 26
15 9
9 20
12 2
2 16
15 10
13 8
14 27
19 15
22 25
21 11
13 16
20 2
0 8
12 13
15 14
9 22
15 18
13 27
12 7
6 27
17 11
27 1
1 8
9 23
3 22
26 9
8 17
3 0
17 15
13 3
21 14
25 7
24 0
26 6
7 24
25 16
6 15
10 7
23 11
22 19
3 11
20 11
28 23
3 15
8 17
10 0
1 6
29 26
28 17
24 6
12 20
22 18
5 24
17 20
5 1
9 8
12 29
11 2
22 15
10 23
24 20
23 25
18 14
13 17
1 0
15 13
12 7
23 17
24 2
29 26
9 8
0 11
3 23
26 13
8 12
25 23
8 14
7 13
1 0
5 16
14 17
15 29
26 9
24 26
1 20
27 9
20 27
20 15
12 9
20 21
16 13
21 0
12 27
23 13
2 1
19 20
16 18
16 18
12 4
19 24
1 20
15 29
2 22
11 3
13 24
25 29
7 8
21 12
27 14
25 0
15 14
12 23
24 20
3 7
25 22
1 26
4 8
25 7
1 29
10 14
23 27
5 22
6 26
4 3
10 29
25 17
5 7
10 0
28 14
29 23
28 22
11 3
1 7
2 24
6 12
0 21
2 5
13 0
1 18
3 17
21 20
23 20
22 15
10 6
14 25
27 6
7 22
29 6
24 23
12 28
15 25
0 20
8 0
13 26
26 16
6 9
6 21
29 6
10 27
20 5
16 18
4 8
18 10
2 3
14 23
19 9
23 1
18 16
15 14
4 1
12 13
0 3
12 21
9 14
10 21
12 27
10 16
5 28
27 0
1 11
23 12
21 8
14 9
16 29
15 20
22 28
3 22
23 8
5 3
22 16
24 4
13 26
21 18
24 10
10 18
21 3
0 4
4 14
5 20
5 21
11 28
11 6
12 26
14 18
29 4
16 25
9 12
16 27
29 26
8 9
10 3
9 14
7 16
20 21
3 23
11 6
29 24
2 6
4 24
27 8
2 22
17 6
1 6
5 27
6 14
29 2
16 6
1 2
26 21
15 21
14 27
27 6
13 21
12 17
15 9
25 9
23 4
16 24
2 21
14 1
28 13
3 14
19 4
8 7
18 23
28 2
12 17
8 25
1 12
12 8
13 29
18 7
3 4
1 28
17 7
21 15
21 24
21 2
20 29
2 8
15 22
3 27
10 11
23 3
16 5
11 29
5 21
28 0
25 22
20 5
29 11
20 12
5 12
7 18
3 9
18 1
21 16
3 9
6 19
6 10
10 11
1 4
19 23
24 22
6 27
3 18
4 13
14 13
2 6
23 18
10 26
19 8
7 26
18 10
29 12
11 3
23 4
20 17
18 26
15 7
21 4
11 5
10 16
7 12
23 0
23 3
19 12
11 18
0 22
28 0
26 9
25 19
5 15
28 16
3 13
23 25
9 27
0 19
13 29
2 28
29 17
1 18
21 5
29 22
19 27
14 15
29 1
4 26
17 2
12 15
28 7
25 29
14 0
28 8
29 20
25 22
0 17
27 29
1 8
27 7
23 18
8 27
14 17
21 19
0 7
17 29
24 4
29 0
26 19
1 25
9 26
18 2
5 7
1 28
16 20
5 9
8 14
29 15
1 20
4 23
19 13
23 5
9 14
28 5
3 29
23 5
25 11
7 23
10 0
21 26
21 27
28 21
11 27
6 4
9 2
28 21
7 21
18 8
5 16
14 0
15 7
27 3
10 26
26 20
27 17
17 10
6 15
1 9
4 0
6 5
24 4
26 2
17 15
10 14
1 16
14 9
15 12
12 25
8 27
17 7
16 24
1 25
28 1
1 3
17 27
22 11
14 29
22 20
22 0
5 1
16 9
13 3
9 13
3 29
23 20
6 9
6 29
26 4
22 20
0 10
17 14
21 24
13 5
14 27
6 11
29 14
20 4
9 22
10 5
21 3
17 19
12 24
19 8
20 3
28 20
13 8
26 27
2 1
2 16
29 0
28 20
6 10
24 8
24 4
13 15
29 22
27 11
16 8
12 7
11 2
19 17
10 16
14 4
17 8
13 8
1 3
28 7
13 15
7 8
11 12
15 11
5 12
14 21
12 18
28 24
13 18
11 15
26 17
20 5
25 3
14 26
6 4
26 11
11 3
11 15
8 27
26 13
1 2
4 14
13 25
0 26
5 11
11 23
20 1
28 7
26 4
26 24
9 22
6 12
17 27
17 14
15 0
8 18
27 22
1 14
22 19
19 25
0 12
7 24
2 14
20 7
10 15
8 24
13 20
4 0
18 21
7 3
14 15
13 11
29 6
25 13
25 6
8 26
10 15
20 4
21 10
11 2
17 19
18 0
10 22
23 20
6 0
23 20
7 1
6 13
18 19
9 16
19 27
18 26
17 22
17 19
4 11
29 15
0 29
17 14
22 7
20 14
1 10
21 0
3 19
5 13
0 14
29 19
3 17
15 20
10 25
2 6
6 1
21 28
22 1
13 15
8 3
21 1
6 13
1 9
24 7
23 25
13 14
14 9
2 22
29 4
9 23
2 15
24 15
14 17
16 19
24 25
22 7
26 28
20 0
7 19
23 2
24 7
8 3
1 22
25 27
1 18
29 17
5 15
23 14
1 12
0 18
26 7
7 17
20 19
17 27
8 2
29 2
1 7
28 3
0 23
0 23
11 22
10 8
7 25
22 0
29 22
11 26
22 18
13 12
7 0
9 7
24 0
1 25
29 28
21 14
21 15
18 13
25 26
12 13
11 4
12 3
15 8
25 13
29 24
5 8
23 29
8 25
25 0
16 15
21 1
28 6
19 3
24 15
15 7
18 12
11 22
27 12
9 15
25 9
9 23
9 25
22 10
20 9
10 6
17 1
29 15
8 18
19 24
26 1
14 0
4 28
20 16
0 5
12 1
6 27
2 1
19 12
13 21
14 20
8 11
15 8
0 26
2 18
15 25
24 15
29 15
5 16
15 10
20 8
9 17
10 28
15 24
11 29
6 19
7 17
27 15
9 23
9 19
8 4
6 24
4 21
29 12
28 2
24 6
11 16
13 1
1 29
13 23
27 24
0 7
21 8
8 7
17 28
7 14
26 1
10 17
23 22
7 17
16 13
28 19
21 3
12 15
3 25
0 22
12 22
29 25
0 8
2 10
28 10
24 3
4 3
18 10
5 4
15 25
15 28
29 27
5 24
15 5
16 27
28 8
14 20
16 17
0 14
19 16
0 22
12 3
11 0
5 8
26 20
4 3
10 25
1 16
19 8
21 27
27 11
5 11
2 13
28 24
19 9
3 19
2 15
22 5
8 19
13 26
9 0
12 4
23 28
15 1
11 5
28 15
10 9
17 16
0 3
5 9
6 25
3 14
9 0
22 29
6 18
0 15
10 4
12 3
2 27
26 6
2 16
21 5
18 0
21 18
3 18
19 2
13 15
16 15
15 8
6 21
18 28
29 21
3 11
16 27
0 13
25 3
21 8
0 9
8 21
19 4
9 6
15 16
22 1
22 20
15 2
18 6
23 13
9 10
3 9
15 28
4 28
7 4
8 7
25 19
3 27
20 9
4 6
23 18
0 7
8 15
10 18
13 25
2 22
27 5
1 4
25 28
3 24
2 3
24 20
22 27
9 13
29 13
19 14
1 19
22 9
26 24
27 9
19 21
23 17
18 17
21 14
15 24
0 17
27 24
7 12
22 8
25 13
21 6
27 14
18 19
15 14
13 5
16 3
26 9
12 7
26 25
21 11
20 13
21 9
8 20
21 22
29 8
5 12
15 2
27 3
14 12
9 19
9 25
14 6
5 26
13 23
22 26
27 4
1 18
5 9
8 27
23 29
27 20
12 15
1 15
29 5
25 18
15 12
3 13
9 21
18 3
5 6
22 9
7 10
15 9
10 4
2 10
1 15
14 6
0 15
21 20
8 1
5 13
26 18
22 18
6 17
23 4
9 3
12 11
10 21
22 6
15 24
7 0
8 13
0 23
27 21
13 27
15 11
2 11
29 25
29 28
4 23
2 6
18 6
17 20
27 1
26 5
25 5
3 1
28 26
28 11
2 17
26 13
20 8
4 7
7 24
3 22
19 9
2 25
27 14
15 28
10 20
16 6
17 19
7 15
8 27
27 10
6 23
15 26
23 11
25 1
6 29
15 25
8 10
12 27
24 27
18 5
9 4
3 27
15 2
4 23
21 1
25 27
17 10
16 10
14 3
3 20
2 11
7 3
21 19
22 7
9 10
12 10
6 7
7 22
1 4
15 22
5 3
12 14
5 28
17 19
1 12
9 26
15 16
21 6
28 13
6 29
16 18
9 22
18 9
14 19
13 22
12 10
25 16
17 0
14 4
20 7
8 21
25 24
8 22
28 22
28 27
0 9
