30
4 0
14 0
3 0
20 0
3 0
12 0
6 0
20 0
20 0
13 0
1 0
0 0
3 0
21 0
11 0
15 0
8 0
5 0
22 0
17 0
19 0
8 0
8 0
17 0
2 0
7 0
24 0
18 0
6 0
23 0
11 0
19 0
3 0
25 0
9 0
26 0
22 0
17 0
15 0
27 0
27 0
16 0
11 0
4 0
13 0
26 0
28 0
27 0
24 0
10 0
26 0
16 0
25 0
2 0
7 0
11 0
18 0
18 0
23 0
0 0
12 0
14 0
4 0
4 0
17 0
25 0
5 0
15 0
7 0
11 0
1 0
3 0
4 0
10 0
6 0
10 0
17 0
25 0
17 0
8 0
3 0
29 0
21 0
13 0
3 0
1 0
23 0
7 0
27 0
24 0
16 0
16 0
2 0
16 0
7 0
13 0
1 0
3 0
25 0
26 0
5 0
0 0
14 0
2 0
6 0
2 0
26 0
22 0
18 0
8 0
2 0
29 0
2 0
4 0
29 0
4 0
0 0
6 0
27 0
17 0
20 0
17 0
0 0
6 0
10 0
27 0
5 0
8 0
14 0
27 0
27 0
1 0
28 0
11 0
1 0
20 0
10 0
21 0
9 0
21 0
11 0
16 0
7 0
7 0
28 0
18 0
28 0
15 0
12 0
14 0
9 0
18 0
12 0
14 0
6 0
3 0
15 0
17 0
5 0
28 0
29 0
22 0
29 0
15 0
18 0
8 0
26 0
0 0
15 0
3 0
18 0
20 0
21 0
5 0
17 0
6 0
15 0
25 0
3 0
3 0
28 0
20 0
24 0
13 0
27 0
14 0
20 0
29 0
23 0
19 0
27 0
7 0
13 0
18 0
15 0
10 0
14 0
22 0
6 0
25 0
25 0
27 0
2 0
15 0
27 0
9 0
26 0
28 0
1 0
6 0
16 0
29 0
27 0
29 0
11 0
9 0
20 0
21 0
7 0
4 0
17 0
3 0
26 0
4 0
29 0
4 0
7 0
9 0
26 0
21 0
26 0
29 0
29 0
22 0
10 0
24 0
1 0
10 0
21 0
8 0
1 0
29 0
1 0
26 0
1 0
11 0
9 0
27 0
14 0
6 0
29 0
22 0
21 0
19 0
23 0
25 0
25 0
24 0
9 0
29 0
29 0
22 0
13 0
9 0
23 0
15 0
1 0
23 0
24 0
26 0
16 0
4 0
8 0
13 0
3 0
20 0
24 0
4 0
15 0
19 0
21 0
1 0
4 0
14 0
12 0
0 0
25 0
24 0
18 0
13 0
21 0
16 0
29 0
6 0
26 0
25 0
8 0
26 0
16 0
20 0
9 0
14 0
6 0
24 0
15 0
27 0
24 0
23 0
2 0
11 0
6 0
6 0
1 0
25 0
5 0
20 0
21 0
22 0
13 0
8 0
25 0
15 0
25 0
16 0
3 0
23 0
11 0
10 0
6 0
15 0
4 0
19 0
24 0
10 0
24 0
20 0
20 0
3 0
20 0
23 0
16 0
13 0
28 0
6 0
26 0
21 0
20 0
17 0
18 0
19 0
6 0
10 0
26 0
24 0
11 0
10 0
27 0
27 0
4 0
4 0
4 0
23 0
26 0
11 0
11 0
5 0
15 0
14 0
3 0
26 0
9 0
4 0
21 0
23 0
11 0
17 0
16 0
24 0
28 0
9 0
17 0
20 0
3 0
28 0
12 0
13 0
1 0
1 0
13 0
27 0
28 0
19 0
21 0
21 0
13 0
2 0
12 0
25 0
8 0
19 0
12 0
0 0
14 0
22 0
12 0
0 0
8 0
4 0
12 0
19 0
19 0
9 0
5 0
9 0
12 0
25 0
15 0
0 0
19 0
18 0
25 0
12 0
21 0
4 0
5 0
13 0
29 0
9 0
19 0
10 0
2 0
18 0
1 0
9 0
24 0
21 0
0 0
15 0
13 0
