35
1 0
2 28
16 30
4 14
27 7
4 3
33 9
0 4
9 25
20 15
11 27
2 5
7 22
2 22
16 29
2 29
6 4
23 0
12 27
14 4
11 18
19 10
4 19
14 26
21 0
6 9
4 8
14 11
31 28
33 24
0 18
6 5
6 17
11 32
21 22
27 17
32 13
24 23
34 24
29 8
28 2
34 4
10 5
2 34
5 14
18 11
19 1
30 13
12 27
34 0
20 28
9 17
6 33
5 17
34 2
27 13
2 8
1 19
22 0
24 2
30 12
33 9
7 12
21 0
23 33
20 17
8 2
0 6
19 18
6 30
32 10
8 11
31 9
30 18
22 19
32 29
32 31
3 16
20 2
16 8
0 1
2 8
15 3
27 34
33 10
6 30
32 15
7 28
1 2
24 0
34 21
30 8
29 10
24 14
12 6
0 13
19 2
33 12
5 2
23 3
24 30
34 22
10 18
15 23
32 16
24 31
3 19
4 9
29 6
1 19
12 1
9 8
3 19
20 21
22 9
24 11
4 0
10 26
30 26
14 28
19 3
24 22
34 6
9 6
12 10
25 24
23 34
9 26
30 12
17 4
14 6
20 26
16 11
22 19
2 15
4 6
4 3
5 22
24 23
34 13
0 34
24 10
26 20
5 15
14 21
6 32
6 33
14 29
20 10
31 0
26 2
16 7
20 4
31 8
15 8
34 16
7 0
26 10
20 8
26 12
29 9
9 12
7 0
6 4
23 2
16 14
17 33
21 14
14 18
34 6
3 10
22 10
11 25
21 8
33 24
20 4
10 30
16 18
7 34
22 30
14 4
10 8
14 8
22 5
3 33
11 6
9 11
29 20
1 27
28 12
16 26
28 26
33 10
21 5
21 1
0 2
23 8
28 31
7 10
12 6
33 18
15 9
24 12
23 16
5 12
9 8
5 13
6 27
34 12
14 32
25 14
34 13
0 27
21 7
14 10
13 6
5 22
30 17
22 12
0 34
21 8
5 11
15 32
11 4
11 20
29 3
20 19
3 24
17 22
4 28
1 17
34 18
16 6
1 4
18 1
3 17
21 8
28 1
18 16
17 6
2 11
9 34
7 24
23 2
12 4
7 25
33 18
8 15
24 21
31 20
34 2
21 20
7 34
15 1
17 21
3 5
31 2
25 32
2 27
9 19
34 11
17 20
9 18
18 5
3 18
17 16
14 2
15 29
3 9
15 18
27 23
20 17
21 34
21 7
18 32
19 13
26 16
22 9
11 5
25 29
22 7
10 1
21 3
30 24
24 22
7 16
11 4
10 9
16 8
28 11
5 24
24 8
17 24
18 29
29 20
23 16
4 11
29 26
26 1
15 23
0 32
11 4
19 32
32 28
26 9
33 15
33 7
10 34
2 4
28 34
4 21
3 15
15 6
6 28
34 17
34 31
28 15
15 26
13 20
29 34
19 21
32 3
31 9
17 0
2 16
17 1
31 32
28 3
16 22
2 15
4 13
23 9
28 15
12 18
1 18
17 32
5 27
12 1
1 6
14 15
34 31
16 30
5 22
10 33
9 12
13 25
25 13
11 31
6 24
14 7
7 32
16 24
1 28
3 2
34 17
29 33
25 23
5 7
10 16
6 31
28 31
21 31
10 32
4 28
33 18
0 18
27 16
7 28
21 22
7 32
16 14
30 6
2 12
14 24
28 32
20 34
28 18
30 15
27 34
8 26
29 20
21 34
13 5
4 34
28 24
8 9
3 28
17 16
19 6
21 16
26 20
21 9
27 14
13 3
34 16
33 20
2 32
10 8
13 22
13 2
30 22
5 11
27 22
27 11
5 25
4 31
11 26
17 3
17 31
19 16
12 17
13 27
26 24
12 16
11 25
19 6
24 1
17 1
21 5
6 24
10 3
0 1
32 15
18 28
34 11
18 28
25 10
31 26
22 13
14 24
32 20
25 33
15 19
11 13
25 18
2 0
21 14
13 30
7 8
1 6
31 19
12 21
6 8
24 5
21 3
29 30
24 31
6 16
16 17
6 0
21 18
33 12
8 29
19 28
30 26
24 26
15 11
32 23
0 2
22 4
8 17
5 4
0 33
32 18
16 15
30 2
33 6
15 18
0 11
11 7
14 1
33 29
24 30
18 24
9 17
5 29
11 22
10 12
32 8
7 14
23 14
28 34
20 17
20 32
6 4
11 7
2 6
31 9
1 32
30 18
3 24
29 2
12 18
0 20
25 26
20 17
19 31
2 5
26 0
14 32
4 25
4 7
8 12
28 21
9 24
16 24
25 23
27 2
6 4
34 9
30 20
26 16
28 31
19 28
22 16
10 13
20 29
33 9
22 20
19 23
13 8
26 1
12 5
20 28
5 29
0 2
32 27
30 2
0 15
8 23
31 18
13 29
12 11
3 11
8 34
12 22
20 3
0 32
8 20
3 25
14 3
27 23
30 23
26 31
15 34
19 11
17 9
17 6
20 21
17 6
20 29
5 9
5 15
30 3
30 20
29 33
13 18
6 13
9 14
28 20
10 16
14 19
34 20
4 20
14 22
17 21
4 0
30 10
27 25
13 22
23 7
32 13
2 15
26 11
29 31
8 4
12 22
23 11
7 5
8 34
4 3
20 9
3 27
19 7
30 9
6 18
28 3
31 8
19 22
19 25
18 5
30 7
27 30
19 0
0 4
34 5
7 31
14 22
23 10
29 18
31 12
1 28
32 9
24 31
6 14
26 11
9 34
3 17
30 15
17 34
26 34
19 22
25 6
11 0
13 6
8 25
8 10
18 17
19 7
26 25
34 29
1 20
28 5
2 0
20 32
12 31
31 11
22 14
34 4
6 8
7 26
18 2
20 14
22 11
5 21
6 11
23 21
24 9
18 1
33 26
9 21
13 0
21 25
5 4
10 24
30 5
26 15
19 25
4 24
11 22
31 30
10 31
16 34
5 11
12 15
2 33
14 28
34 12
18 16
16 5
17 23
10 20
3 29
11 19
19 22
18 27
29 23
22 5
6 33
18 33
1 28
12 29
4 24
24 32
5 29
14 28
4 0
9 33
11 5
29 10
24 21
5 18
10 4
0 16
3 18
14 16
24 4
10 28
28 11
26 11
17 5
16 21
17 2
31 28
8 26
16 9
12 21
4 34
25 4
27 5
0 19
21 24
23 8
17 28
19 20
4 13
26 33
34 20
0 8
14 20
11 30
29 0
28 33
0 30
3 27
1 3
11 34
27 11
8 21
5 4
7 21
18 10
19 29
30 20
2 21
17 25
28 12
26 33
10 26
6 25
30 19
5 19
18 32
7 26
31 12
