32
26 30
21 6
5 27
15 24
28 12
27 9
5 1
12 29
4 13
28 26
26 7
25 30
19 7
8 26
27 14
24 21
12 13
27 18
9 11
10 5
23 6
14 28
7 26
26 12
8 22
6 2
29 0
0 16
7 8
10 2
23 3
23 3
16 18
21 25
29 0
30 20
6 13
17 13
7 11
25 15
1 0
17 30
0 17
14 7
26 25
9 17
28 0
20 12
18 10
6 16
10 4
4 16
17 21
29 25
0 23
8 1
23 26
31 23
11 14
30 5
7 22
3 7
11 15
25 21
21 9
31 26
14 15
11 3
12 4
4 3
13 5
26 7
5 17
18 19
15 24
26 22
14 29
29 25
12 23
14 2
0 13
28 14
28 7
18 9
12 22
12 25
27 7
0 24
18 19
8 10
13 30
25 10
28 18
23 19
1 25
19 14
21 2
11 28
20 8
10 0
1 5
7 1
6 0
20 25
8 30
7 6
23 17
2 10
8 21
11 1
9 25
22 11
4 19
31 24
27 9
25 29
14 0
30 20
0 18
14 8
17 21
15 8
6 17
18 15
7 29
16 23
7 27
27 26
26 20
21 3
13 18
17 13
17 6
14 3
20 22
20 9
5 29
15 23
15 30
30 13
15 14
4 22
9 31
16 3
19 5
6 0
24 23
14 9
29 28
12 17
18 1
26 24
30 10
15 13
8 13
26 23
27 30
13 4
30 29
7 17
3 13
18 27
4 0
4 2
28 16
19 14
17 14
6 15
24 21
29 0
2 23
24 29
22 5
1 20
3 8
5 6
21 23
1 26
23 5
28 19
21 15
2 7
29 8
22 21
30 19
22 0
11 14
30 1
19 31
21 22
8 26
28 29
18 29
23 9
2 19
29 24
3 31
31 0
7 21
22 5
9 12
6 20
26 4
21 13
3 10
4 11
4 0
9 22
30 0
0 20
29 24
23 28
23 3
13 9
22 25
15 10
19 31
1 22
9 5
2 13
5 11
4 3
11 4
4 31
1 28
22 29
20 14
0 1
27 9
23 21
24 1
8 11
0 9
2 9
14 4
22 20
15 26
23 26
30 27
26 31
24 16
28 12
30 29
13 26
6 4
15 31
5 23
10 5
1 12
14 15
16 4
3 31
31 27
26 29
22 20
29 14
4 25
26 3
22 7
29 11
12 28
16 3
6 21
4 19
3 20
3 8
23 3
7 18
29 4
9 17
1 23
21 27
18 24
17 25
21 14
5 1
10 21
5 17
11 9
4 14
29 7
22 21
10 29
7 2
16 24
3 8
14 30
26 6
16 19
28 30
24 29
9 14
2 26
25 12
30 7
9 5
30 16
27 6
23 29
22 16
1 30
30 31
24 4
15 12
0 14
4 30
23 18
0 17
11 12
15 19
22 20
17 20
4 12
26 28
10 17
12 11
15 10
10 8
14 26
20 15
8 24
13 31
11 13
16 22
26 31
9 16
19 26
4 24
7 31
20 17
16 0
28 31
10 6
7 24
0 27
7 8
20 7
31 2
23 21
28 22
31 12
10 25
16 2
0 15
22 17
31 22
13 31
0 20
6 24
20 2
0 29
22 20
4 21
22 28
10 18
18 9
30 28
3 15
30 3
30 20
21 30
10 2
29 10
22 3
3 11
5 3
8 27
23 12
16 14
8 27
0 27
4 31
23 7
14 22
11 12
10 0
10 21
2 7
31 25
11 2
4 16
5 12
12 29
24 28
11 1
23 11
28 10
19 3
24 9
14 5
20 14
15 9
17 23
8 10
2 11
14 18
16 26
30 13
18 27
24 19
18 4
15 14
14 3
18 7
12 0
12 0
15 27
9 0
18 10
20 29
24 7
13 18
5 27
4 0
19 24
19 23
7 1
6 10
19 13
23 20
25 23
3 20
1 3
7 19
13 27
16 5
2 29
23 8
24 27
8 12
19 27
3 27
29 9
5 16
22 28
4 15
20 7
4 21
10 11
8 23
6 24
28 9
21 19
17 14
15 25
26 2
21 29
29 18
7 3
2 29
31 7
13 19
14 17
8 25
28 16
16 2
8 13
11 30
0 28
12 15
22 6
18 11
3 15
29 10
18 31
8 18
6 21
5 21
6 14
14 2
30 4
7 11
16 5
12 17
27 2
23 13
13 26
29 10
5 15
10 13
1 16
2 7
5 8
21 19
10 19
18 14
26 29
30 31
9 11
16 5
13 7
18 27
2 15
5 7
31 15
20 0
0 22
7 5
30 28
25 8
16 11
22 10
8 21
10 18
0 26
23 13
2 9
8 4
25 14
11 24
29 31
24 29
21 0
3 19
28 27
12 7
17 23
15 6
1 6
27 24
20 29
2 28
1 27
10 12
19 8
11 5
0 11
8 19
8 4
14 20
11 0
11 27
6 12
28 13
8 21
1 5
23 29
7 18
8 19
5 16
31 16
21 31
28 30
19 4
2 1
24 14
1 4
9 8
16 5
21 24
26 22
30 17
19 5
3 27
24 8
11 23
25 1
23 21
31 10
25 1
11 17
15 13
21 24
21 6
30 10
30 24
0 28
10 19
1 13
15 26
22 26
17 15
27 8
4 26
18 29
28 30
14 11
11 4
4 0
10 2
10 8
26 10
5 4
29 6
18 12
0 8
7 18
23 2
26 27
29 13
24 25
11 6
4 22
10 8
22 20
10 0
29 5
10 2
9 7
8 27
20 9
3 27
27 26
29 21
21 26
2 13
19 13
20 24
3 30
0 25
19 11
25 16
16 3
18 25
11 26
21 31
3 24
26 30
19 23
20 8
18 22
22 5
4 10
29 7
8 30
1 27
9 26
11 25
30 29
18 9
24 7
8 27
0 2
26 19
25 14
27 11
4 17
17 8
27 14
16 4
12 17
31 21
11 14
9 8
1 18
0 8
26 28
8 28
22 27
22 4
23 1
8 18
17 4
1 8
13 18
7 3
29 18
17 7
27 18
25 27
27 20
23 3
16 13
31 6
17 22
8 26
30 26
11 2
27 12
10 9
30 18
12 27
4 29
2 31
16 28
27 11
16 18
14 0
0 13
7 17
3 15
11 2
9 22
4 5
2 15
14 0
1 26
28 5
23 30
5 7
26 0
18 10
18 1
11 18
14 18
4 18
1 15
20 10
6 24
15 8
7 29
9 8
23 5
14 15
3 19
22 30
19 9
8 5
10 19
24 5
28 10
6 11
30 17
17 23
0 26
30 3
7 21
8 21
4 11
8 27
9 27
4 18
0 14
5 24
6 11
20 17
17 0
15 2
17 6
3 11
5 1
14 12
22 1
27 2
9 22
11 4
26 29
4 8
3 29
14 17
31 17
15 2
3 21
5 14
26 6
29 6
28 19
7 23
21 16
13 1
20 7
30 25
15 1
22 30
15 7
29 15
25 12
17 28
2 22
10 28
28 7
3 24
27 10
16 27
29 17
15 5
16 8
20 17
30 18
1 6
16 31
28 1
27 30
23 5
27 19
13 30
11 8
8 27
24 3
25 10
19 30
26 27
18 11
26 5
12 0
21 28
31 17
29 26
16 20
31 11
7 12
9 19
20 17
14 13
21 7
23 8
5 17
3 24
28 29
29 9
29 18
5 28
3 22
19 23
22 30
31 2
7 18
23 25
0 4
14 8
27 22
13 12
25 5
8 23
2 17
20 23
17 24
26 7
11 17
29 10
16 0
17 2
23 10
3 27
24 11
22 14
24 2
8 30
10 31
0 28
19 21
19 4
13 12
24 30
9 2
15 9
20 17
0 30
20 27
23 31
17 5
24 19
13 22
30 12
22 26
0 11
13 4
24 26
16 17
24 26
19 7
3 7
25 4
6 13
31 29
13 17
2 5
4 16
27 2
28 17
28 29
9 1
21 3
17 6
28 11
26 3
15 1
28 19
7 10
18 4
23 3
7 28
8 23
23 10
19 8
7 16
5 16
17 27
20 2
1 16
14 27
19 29
29 16
16 4
26 2
9 17
6 16
13 14
7 4
24 26
12 31
10 18
16 27
13 4
30 14
20 12
10 7
9 7
23 25
11 17
27 20
2 1
4 15
15 11
19 8
6 0
7 16
18 23
12 31
27 10
13 15
22 23
23 31
30 14
24 10
0 19
30 2
21 3
18 4
14 5
12 20
5 20
5 23
11 17
22 7
27 4
22 17
27 13
16 26
28 8
4 28
27 2
30 16
5 16
21 20
22 1
8 27
21 13
19 1
30 9
8 25
13 30
10 9
12 26
3 8
2 7
4 30
9 2
14 15
19 3
3 9
5 11
4 26
25 23
27 23
1 3
17 14
2 27
23 14
22 26
22 24
1 26
22 11
28 5
26 15
8 29
24 13
8 29
8 1
20 3
25 21
7 10
4 9
5 27
23 27
22 13
20 23
7 10
2 3
15 28
19 24
25 11
5 2
8 13
3 29
17 28
18 24
6 22
1 12
18 24
7 8
5 27
31 12
6 2
15 21
30 2
13 24
14 19
26 22
0 29
19 17
26 6
9 0
28 10
12 14
2 20
22 7
15 22
19 21
24 3
11 22
5 24
14 19
11 8
10 12
6 29
29 0
3 7
0 17
13 14
20 1
5 27
16 27
15 6
19 18
17 9
23 9
24 11
21 0
21 1
6 18
30 6
22 5
7 22
23 20
4 11
21 9
6 5
4 21
11 23
7 28
1 31
6 25
10 27
25 31
28 0
17 26
6 7
0 13
29 23
1 2
2 22
11 8
28 16
30 7
7 5
4 8
4 10
1 14
5 27
13 1
27 31
27 1
6 27
15 4
18 16
6 20
7 17
29 3
1 27
10 9
0 14
17 5
24 19
19 29
14 1
30 9
0 26
10 6
21 25
10 8
10 16
28 17
2 25
20 3
20 30
12 21
13 30
26 5
17 13
3 31
14 1
8 14
27 18
21 17
12 31
25 22
16 21
7 18
15 27
21 3
25 2
24 6
0 18
12 17
0 15
16 14
16 24
29 12
10 18
29 22
17 22
12 1
11 19
19 26
14 9
30 8
11 22
14 11
9 26
28 9
9 12
23 26
4 20
6 14
6 3
5 24
25 17
25 4
5 13
31 19
22 29
27 1
19 10
12 28
4 8
5 14
20 29
8 24
17 14
6 24
17 11
16 10
29 9
14 2
22 13
21 12
10 17
13 30
27 25
26 31
1 0
13 21
29 21
13 14
3 20
6 20
31 22
30 28
0 13
30 22
26 20
3 5
5 16
3 0
10 29
31 11
29 13
1 26
2 14
9 6
2 15
26 2
6 25
30 6
6 29
28 0
17 31
5 22
16 8
22 26
6 21
5 3
2 6
30 5
21 7
11 23
22 5
25 28
30 24
2 4
21 31
5 6
30 10
28 14
19 18
8 25
7 14
28 10
20 26
15 9
1 26
1 24
31 26
20 30
18 23
2 7
22 7
13 20
18 9
3 5
27 11
30 3
25 26
13 14
21 28
23 22
22 24
14 21
19 3
19 5
26 22
13 16
29 26
4 15
4 7
20 31
19 18
2 12
13 15
26 2
11 18
24 1
10 7
23 29
10 3
4 0
16 20
30 10
24 13
14 0
2 14
19 20
16 31
1 0
26 3
11 12
28 13
22 3
4 20
13 14
23 17
15 7
5 13
17 29
26 0
29 28
14 16
17 30
16 18
30 10
22 10
22 18
23 12
21 27
0 2
9 23
19 24
30 24
5 16
21 0
16 19
28 30
3 13
28 19
0 27
29 22
5 19
8 28
0 29
23 0
31 0
24 18
25 22
10 30
6 31
30 22
18 27
20 22
8 17
9 8
12 7
30 17
26 6
13 26
3 4
27 2
4 19
20 29
9 30
28 16
30 26
6 16
21 27
6 30
12 16
6 24
23 5
9 17
11 22
12 15
26 7
17 30
26 6
28 3
4 24
19 2
18 26
19 8
21 25
6 1
9 12
25 0
17 2
18 29
24 30
12 18
5 29
16 31
3 12
