33
32 7
15 32
17 32
16 11
17 9
6 23
25 15
16 25
25 15
18 14
0 6
9 5
14 1
24 14
25 32
13 30
13 10
14 12
27 24
27 1
30 15
26 20
29 7
10 21
22 28
1 20
32 10
24 12
10 15
26 0
13 6
31 26
17 10
3 9
1 28
8 30
8 0
17 4
7 26
24 28
21 23
13 19
31 4
31 8
18 22
9 31
26 5
24 8
15 25
17 15
20 24
12 28
24 29
31 22
20 24
9 10
5 26
8 7
22 17
25 11
24 21
2 27
10 11
9 2
26 24
22 17
1 16
8 31
14 5
18 32
29 25
9 32
16 15
7 3
30 12
21 19
15 13
29 26
23 32
19 12
19 4
14 0
12 10
12 17
26 11
12 17
18 11
31 1
16 2
31 14
14 18
31 29
31 27
22 19
24 7
30 9
11 9
9 21
19 22
4 10
31 16
25 17
25 24
18 9
24 14
21 5
32 17
0 29
9 20
15 1
27 12
8 3
21 17
25 5
4 29
14 3
10 4
18 2
26 3
9 17
17 28
21 15
12 19
11 22
6 24
21 32
2 29
0 23
11 23
27 14
19 6
15 27
10 0
30 4
3 4
21 18
0 7
0 12
26 9
32 31
32 20
28 1
14 28
24 26
19 16
5 3
22 20
31 20
28 2
23 30
21 6
30 29
5 8
20 14
7 16
13 26
11 14
7 4
31 24
18 3
27 6
23 25
4 10
18 6
0 16
25 5
11 19
10 19
7 24
25 23
3 18
0 15
25 7
17 24
31 3
25 23
7 16
14 11
26 32
15 25
13 7
30 23
25 7
9 32
29 1
20 30
17 20
11 10
25 28
32 21
29 24
12 1
5 26
12 32
23 25
22 2
0 19
25 23
24 32
22 18
32 7
14 16
26 25
24 16
18 23
5 13
13 15
14 18
6 27
15 27
17 4
29 15
21 19
5 10
17 27
29 16
0 8
32 24
0 22
7 18
12 29
23 25
11 7
31 3
22 26
20 25
20 3
11 5
8 22
22 1
16 3
1 24
2 23
24 30
7 2
8 4
23 0
13 28
30 16
16 23
3 8
8 6
17 11
15 6
31 14
22 1
13 11
2 3
0 24
0 6
24 8
8 15
9 21
10 6
4 26
27 7
32 0
12 17
10 25
21 8
6 9
10 19
20 12
22 21
1 20
25 26
29 0
6 3
21 16
7 25
8 32
30 5
30 7
22 7
32 11
16 3
18 24
20 5
1 9
24 2
28 16
28 22
14 32
25 2
16 30
25 22
27 23
27 24
30 15
32 28
24 13
31 9
2 19
14 3
26 4
3 21
18 32
10 0
31 0
2 12
28 32
22 16
27 12
11 7
9 6
31 22
3 7
24 20
19 25
13 21
28 0
7 25
8 5
22 7
5 1
2 0
32 23
14 24
2 24
31 11
28 27
31 32
20 18
18 12
30 5
7 30
10 31
3 15
20 10
20 19
11 19
18 1
31 9
1 22
5 10
18 32
8 14
31 26
31 15
5 28
20 10
23 28
8 26
10 26
4 28
13 14
29 12
11 6
13 0
9 21
16 9
29 31
7 22
29 20
25 22
7 0
12 2
7 5
10 0
7 6
13 18
18 10
30 29
14 8
28 21
29 11
30 23
7 3
12 1
23 2
23 29
3 2
31 10
6 7
8 11
11 22
30 29
30 27
24 9
1 17
30 26
26 21
1 29
31 0
19 1
24 15
2 24
12 10
28 17
18 7
28 5
2 22
0 27
11 9
28 5
26 22
31 12
21 25
10 21
9 12
23 9
2 19
30 19
3 2
12 8
2 1
9 30
13 16
25 8
19 16
28 15
28 16
7 4
5 17
13 15
7 21
15 7
7 11
24 8
13 3
17 16
2 24
11 15
5 1
22 25
18 15
7 11
32 13
13 2
28 25
15 2
13 29
7 20
7 29
27 18
32 11
1 32
0 10
13 5
12 2
30 15
3 6
12 16
20 14
11 12
28 11
25 24
16 10
31 12
4 14
9 13
16 8
13 26
21 17
3 21
14 31
4 15
5 16
31 23
29 7
0 22
16 25
11 32
0 7
11 3
21 20
14 2
27 28
27 13
12 30
2 24
29 4
7 1
18 3
22 12
9 22
1 25
12 10
25 12
17 1
13 4
20 28
6 14
21 0
27 31
31 27
22 27
31 27
26 15
29 13
27 5
2 27
28 14
4 20
24 20
20 5
24 7
0 30
19 31
11 17
27 6
6 19
2 32
10 17
26 23
12 29
25 4
24 4
8 10
28 26
30 31
17 2
29 13
21 15
11 32
32 3
5 4
22 8
1 30
23 27
20 2
23 10
6 14
14 13
22 7
6 19
6 22
21 2
2 7
16 11
7 15
14 10
17 1
16 18
31 7
12 16
7 2
26 12
15 5
23 4
10 29
22 16
16 8
17 18
16 31
29 21
13 8
29 31
9 11
16 5
16 27
19 23
27 12
0 9
15 23
12 26
20 32
7 3
7 24
20 21
22 16
7 1
23 4
30 32
15 11
3 31
5 22
19 0
0 20
7 15
10 17
6 28
16 14
30 24
3 15
10 24
31 18
25 21
22 20
19 2
31 20
31 4
9 15
2 7
2 7
21 11
25 27
4 8
8 32
