42
41 31
1 27
9 27
29 17
36 31
17 29
7 3
31 18
33 12
7 0
19 32
10 19
38 1
25 37
5 30
30 3
17 31
30 27
14 15
0 9
3 17
36 8
21 26
27 10
38 34
10 15
22 18
34 18
19 15
14 23
3 0
26 21
29 12
4 1
26 4
10 29
21 5
37 40
29 20
8 25
12 16
38 33
34 28
7 12
1 19
35 3
19 17
24 6
27 26
6 11
28 14
38 7
19 34
6 4
10 12
29 23
29 25
12 21
11 19
31 13
39 22
16 37
38 21
23 20
27 34
6 41
31 11
17 21
15 21
31 28
7 10
15 30
20 34
40 24
11 35
2 25
7 40
19 28
21 37
11 1
9 40
12 24
17 28
1 5
14 8
13 27
37 34
19 35
30 41
2 23
0 25
30 40
2 15
17 37
24 28
38 33
25 6
13 0
34 15
3 4
21 17
29 16
9 5
9 39
2 9
18 2
34 4
0 34
19 15
29 0
0 25
31 25
30 3
23 20
16 27
25 37
2 10
10 9
15 17
4 18
27 22
18 19
24 19
12 0
32 41
0 32
23 31
13 11
32 35
29 6
20 10
0 20
21 10
27 34
27 31
10 9
29 30
33 4
40 33
34 39
31 25
18 19
36 27
9 29
15 14
7 25
14 25
4 22
10 37
5 39
5 16
4 32
2 38
34 0
27 25
37 15
8 14
34 2
39 41
30 12
13 37
36 25
19 38
3 27
33 9
25 37
23 29
25 23
23 16
23 7
41 16
22 7
30 12
7 26
11 37
38 23
31 30
6 27
8 33
18 15
16 13
36 2
37 17
25 11
40 30
10 14
10 15
1 22
22 27
34 16
21 13
3 10
19 9
35 25
0 11
40 15
23 34
17 18
9 40
29 5
29 37
18 37
10 17
16 32
0 6
4 21
19 5
29 38
14 22
22 13
32 18
26 13
11 41
29 20
39 14
24 9
0 18
19 17
34 7
17 40
12 36
17 15
22 11
30 2
31 41
34 8
25 3
19 24
32 37
19 4
19 2
11 17
18 30
32 10
38 5
8 6
0 23
21 22
34 7
22 24
6 15
30 31
16 7
11 5
0 31
7 18
31 19
35 7
7 26
15 1
31 23
5 29
2 25
9 36
32 16
37 3
4 24
19 9
36 24
10 23
32 28
12 7
19 17
14 3
32 14
33 11
19 20
13 2
30 5
33 18
20 28
19 24
10 36
32 2
17 40
25 5
24 35
12 1
10 24
5 40
38 9
14 20
14 2
26 5
18 4
31 37
26 40
30 16
40 5
14 24
10 36
15 22
38 26
4 41
24 41
35 32
11 7
10 25
8 34
29 26
36 16
20 21
12 8
35 11
11 6
33 21
0 6
1 36
32 3
35 13
0 28
1 11
34 11
35 0
2 20
24 38
36 0
15 7
8 7
18 19
11 9
38 11
15 37
4 39
39 15
39 24
16 7
16 25
0 14
25 20
38 20
12 39
35 19
3 40
35 21
9 0
17 19
16 13
23 18
10 18
31 5
0 5
12 14
28 10
28 12
30 23
32 41
20 23
16 21
22 10
0 29
10 18
6 24
29 27
40 37
4 29
0 4
32 13
17 19
23 1
31 10
24 19
7 0
0 23
22 33
20 10
0 36
14 24
23 0
21 18
4 8
17 6
41 28
23 18
7 23
5 15
5 24
22 6
24 4
26 3
37 4
11 35
41 25
16 20
23 37
37 27
1 12
32 0
40 11
16 3
34 19
19 40
1 41
2 24
3 28
25 39
30 36
30 29
17 4
6 41
41 1
24 1
11 14
41 7
24 14
10 16
33 29
12 33
29 14
15 30
40 38
25 29
30 14
14 5
18 20
2 16
19 25
15 30
37 14
37 19
26 6
36 18
33 6
9 20
19 22
7 17
18 32
4 6
2 17
9 21
35 10
35 13
35 8
1 30
20 37
6 5
1 0
23 34
4 30
11 23
10 16
41 26
6 1
30 9
18 37
28 10
3 21
23 38
27 24
25 5
19 31
10 18
29 31
9 33
19 18
15 27
34 12
9 38
11 37
3 28
33 29
38 34
8 19
29 35
41 10
39 17
41 5
35 26
37 0
15 12
18 28
38 8
40 5
5 10
41 6
36 30
36 32
22 0
9 34
8 19
31 25
16 36
17 40
31 15
14 0
34 0
38 40
39 41
1 5
38 8
41 26
2 31
7 0
40 14
34 4
32 23
28 6
16 1
5 3
16 17
3 6
17 39
5 14
37 6
19 33
12 16
18 12
5 23
13 1
35 5
4 25
27 32
32 41
33 35
2 5
10 4
12 27
1 15
40 38
21 15
30 32
32 4
2 35
27 13
37 18
17 39
2 0
29 34
41 18
25 1
21 35
5 33
18 5
6 16
1 26
30 29
16 18
33 16
11 16
30 4
35 3
1 37
3 28
27 2
2 10
3 24
3 7
13 21
12 18
36 11
2 24
41 16
40 30
30 9
5 18
12 38
21 13
31 24
40 16
24 40
24 26
22 25
33 34
2 1
10 38
12 18
11 26
16 40
14 24
3 31
36 39
8 7
28 31
3 0
13 2
24 39
22 7
28 14
9 29
24 4
40 34
20 7
16 37
5 31
19 6
20 13
3 28
18 29
17 20
29 22
9 26
2 14
13 15
22 40
37 26
38 30
4 39
7 33
14 9
25 17
36 2
5 11
20 32
38 0
0 23
0 12
34 15
34 30
11 16
25 39
19 27
41 16
34 31
29 6
40 12
24 34
12 27
2 32
17 40
30 15
19 31
28 11
2 18
40 11
35 23
8 12
8 6
26 0
37 13
5 35
26 29
26 36
12 28
27 26
15 41
4 2
25 13
5 1
11 16
34 23
2 40
27 29
