20
5 17
18 4
13 2
0 7
15 7
13 15
17 19
19 14
8 1
13 5
7 6
3 13
0 5
12 11
11 17
0 9
7 4
15 9
16 2
17 3
7 12
13 7
3 19
7 16
4 0
2 11
18 5
17 18
2 9
1 5
18 2
7 6
18 2
7 16
4 2
3 9
15 2
4 14
9 1
10 1
15 2
11 0
11 10
14 0
3 0
18 5
7 4
16 9
12 3
5 8
5 0
9 13
3 14
19 12
15 10
6 10
4 17
2 15
19 8
15 3
8 5
8 15
2 16
16 6
11 13
6 17
14 16
2 9
2 1
1 9
11 19
19 15
17 13
10 16
1 17
19 2
3 0
17 8
6 3
0 19
9 17
5 17
11 14
19 12
8 4
7 19
11 16
4 2
13 18
11 4
0 6
16 9
3 5
15 18
5 15
0 14
12 17
5 7
9 15
9 13
14 1
17 11
17 11
16 15
2 12
15 9
9 17
4 6
12 3
3 19
15 17
12 14
19 13
3 6
15 9
0 16
18 11
13 9
19 1
11 12
8 12
1 5
17 7
18 12
2 9
7 11
1 11
5 12
5 0
18 12
1 11
0 19
14 13
0 14
6 12
6 15
16 19
0 13
18 10
5 0
0 12
11 13
16 8
6 1
0 16
5 14
19 5
5 14
10 6
8 17
10 6
4 6
5 4
0 3
7 17
3 19
2 14
12 18
14 10
11 14
7 8
8 6
13 14
0 3
12 0
12 2
6 16
8 3
13 0
6 0
10 9
19 12
15 3
2 1
14 5
16 1
13 16
19 6
2 12
1 14
4 14
8 11
10 17
14 15
9 13
7 19
14 18
3 2
2 17
3 16
14 19
9 7
8 0
5 10
12 19
17 13
5 0
15 14
6 11
16 19
18 7
6 17
3 8
11 0
11 7
15 3
8 14
11 8
12 13
13 11
10 16
8 2
11 14
0 14
10 0
5 18
6 14
1 6
5 13
17 4
0 4
15 3
12 19
17 5
10 19
7 6
7 1
9 14
2 16
4 14
13 14
0 7
15 6
4 9
15 0
1 16
4 16
19 8
7 8
6 17
8 13
15 7
15 17
1 9
5 18
3 18
12 3
17 0
1 13
1 8
13 2
16 17
11 8
17 18
16 3
16 17
3 4
4 12
17 13
17 15
16 7
0 11
4 0
4 17
1 12
2 3
9 19
14 17
9 13
5 12
1 2
9 16
18 5
9 15
18 3
6 3
9 2
15 13
12 16
18 14
11 19
6 8
15 11
13 7
4 15
9 0
13 14
1 5
12 16
3 10
11 13
12 6
18 16
14 16
11 5
15 9
3 16
14 9
3 18
4 11
10 11
12 3
8 4
19 11
14 2
16 19
8 15
15 2
3 18
7 11
19 11
6 15
17 15
11 16
12 15
7 14
18 11
9 6
16 8
10 2
2 18
13 10
13 9
4 9
19 11
