29
27 28
0 21
11 16
15 21
22 1
5 15
2 11
28 5
2 11
5 10
27 1
21 28
23 26
1 20
24 21
10 24
14 23
6 1
10 20
16 11
17 2
5 21
22 10
15 4
8 25
23 9
18 23
24 4
12 17
16 8
1 27
24 15
13 22
9 23
5 25
5 15
19 10
7 12
13 22
17 21
11 22
21 26
9 25
10 26
12 10
19 2
5 27
16 19
7 10
25 24
8 11
14 10
10 26
23 24
6 15
6 10
8 27
7 17
15 17
6 20
19 18
14 24
16 1
7 23
4 3
18 4
6 24
14 16
13 9
11 20
16 10
22 17
0 26
16 10
4 7
0 14
13 17
1 7
24 3
27 5
7 25
21 13
12 5
22 15
17 2
25 10
19 26
3 16
5 13
12 4
13 26
17 1
27 24
25 14
27 15
11 26
11 3
11 15
1 25
23 18
27 11
0 9
0 24
26 5
8 1
1 13
20 11
15 18
6 3
25 26
11 7
15 14
3 26
22 4
15 16
22 5
27 14
15 28
1 4
25 9
5 27
23 25
9 1
7 25
24 25
28 23
12 14
26 1
7 22
16 15
8 22
13 14
8 4
16 4
1 25
9 28
11 27
0 4
26 7
1 21
4 0
7 16
6 26
17 5
19 26
20 19
19 26
5 19
22 13
23 1
24 14
13 14
14 17
11 14
10 24
18 3
24 26
9 21
6 7
3 19
23 14
16 20
25 10
4 19
25 5
7 11
10 21
17 20
25 2
1 12
12 4
7 1
6 28
8 5
24 3
24 18
10 4
1 6
6 5
18 2
2 17
5 13
9 15
4 26
17 26
10 22
23 9
23 21
1 23
26 25
19 21
6 21
25 7
27 2
4 8
26 27
25 2
11 27
17 7
16 27
26 18
12 20
28 27
12 0
22 9
17 4
1 23
25 19
22 15
13 18
16 10
16 4
5 20
23 14
27 11
4 24
21 16
7 20
15 19
12 0
20 0
25 22
15 21
4 0
28 17
18 15
28 27
20 25
18 6
10 8
17 15
25 10
23 3
22 9
15 6
1 6
27 26
20 6
10 24
6 10
5 17
17 25
15 8
21 4
15 23
4 24
9 0
26 25
25 20
26 11
18 28
9 8
17 1
14 28
17 13
9 22
1 26
10 16
27 2
12 5
26 8
21 27
9 19
23 26
2 21
8 20
12 9
20 0
10 6
28 20
11 0
5 12
19 16
20 17
18 24
14 7
3 6
6 4
17 0
1 19
13 1
2 25
11 23
26 13
21 25
4 3
18 10
15 8
26 27
17 15
22 2
15 17
0 21
22 18
13 15
8 27
17 11
23 28
5 12
12 26
1 9
0 19
19 7
27 16
26 7
23 19
9 28
1 22
21 19
7 0
28 26
17 2
12 8
7 25
12 25
18 21
17 8
3 16
27 11
13 5
6 24
6 7
23 7
22 8
27 21
8 18
18 17
20 22
25 19
10 0
7 28
22 24
7 25
11 26
0 24
23 6
11 0
5 0
19 13
19 11
13 8
21 1
20 15
26 2
25 27
9 25
12 4
24 0
7 14
0 23
8 27
5 1
25 2
1 15
16 20
27 21
20 19
23 3
26 12
5 23
2 14
11 14
10 27
7 17
12 7
3 21
6 8
22 2
2 15
9 10
27 7
3 18
19 26
21 16
9 26
2 4
3 5
18 13
4 25
1 8
25 21
2 4
6 25
27 21
5 9
19 5
12 0
16 9
13 24
10 2
27 14
5 24
25 18
28 13
11 0
9 7
21 3
3 28
28 2
20 26
11 3
23 24
10 24
9 26
26 3
24 4
9 12
21 19
11 5
23 3
15 1
25 18
26 24
10 20
7 28
2 22
17 27
24 4
28 21
22 2
9 18
3 21
2 23
24 8
17 28
15 10
16 25
28 11
27 19
10 26
13 5
11 1
3 6
26 23
20 12
25 21
22 21
13 25
15 0
25 24
20 11
5 7
28 26
10 27
16 13
24 1
18 7
23 13
5 13
7 17
25 24
9 10
16 14
6 2
7 2
18 27
5 16
27 5
13 0
3 0
13 19
1 2
18 17
15 16
1 14
4 18
10 6
28 26
12 6
21 19
0 10
10 6
26 8
11 2
8 6
3 22
25 16
7 13
24 23
14 9
27 3
11 25
3 9
9 1
1 28
1 3
9 7
22 9
10 24
10 8
27 3
26 24
11 4
0 6
27 15
8 17
10 19
6 5
20 15
6 21
6 8
17 8
7 10
17 18
5 27
18 25
22 15
12 26
19 12
3 9
19 3
19 22
23 25
27 6
3 5
28 9
5 8
17 12
18 27
22 15
25 12
3 11
19 7
8 2
20 3
3 2
7 22
16 22
10 15
28 13
12 19
23 9
19 3
13 0
1 7
8 19
11 1
22 19
1 24
2 4
28 25
3 13
13 17
24 20
9 8
24 20
23 4
11 27
17 11
28 16
19 10
27 2
11 21
13 4
8 7
9 7
3 4
21 16
22 8
28 2
16 23
22 3
27 4
1 8
8 21
24 27
3 15
21 6
28 26
11 7
4 12
7 8
16 20
16 1
28 16
24 7
2 18
10 22
14 11
1 14
25 17
13 28
3 26
26 2
24 8
2 20
12 9
28 21
0 8
22 28
16 18
27 18
28 9
3 13
20 4
28 16
22 4
7 17
22 5
12 9
5 14
1 10
23 21
2 15
0 16
6 8
5 4
19 4
13 22
10 26
19 1
5 4
26 13
21 11
10 4
21 15
10 14
17 25
6 19
11 28
7 9
7 4
14 26
9 19
12 11
16 2
4 22
6 22
27 19
4 8
16 17
15 26
2 4
23 9
15 26
0 22
7 28
27 13
26 28
3 1
2 12
3 27
26 1
20 16
20 16
24 28
5 2
26 7
27 12
8 14
9 8
7 16
8 26
21 26
25 17
19 0
22 17
18 15
8 5
27 25
21 27
22 15
16 0
14 28
1 28
8 1
27 17
9 25
9 27
21 26
17 12
18 2
21 7
17 1
4 8
18 17
6 3
4 22
3 10
13 25
9 21
27 7
9 28
3 11
27 17
8 7
21 19
2 13
26 11
6 23
19 16
3 25
19 7
10 15
9 23
11 18
8 9
18 9
9 13
20 28
22 21
27 14
11 0
20 0
12 18
15 23
6 19
20 25
18 22
11 28
9 15
17 16
27 18
17 4
2 16
26 23
7 4
26 28
24 18
3 5
5 27
11 24
10 0
5 3
3 4
4 18
14 13
6 12
3 23
16 5
3 6
20 2
10 17
1 26
6 5
2 3
24 6
19 5
6 25
8 1
0 5
20 14
18 19
13 4
27 18
28 4
9 22
14 18
16 3
17 13
27 20
8 4
11 13
10 7
13 3
28 18
23 14
0 4
25 13
1 23
3 21
28 4
15 5
15 2
1 3
7 28
23 15
3 26
20 5
4 8
4 15
24 10
15 20
6 20
21 0
15 14
20 21
18 6
15 19
9 22
18 24
0 21
22 20
18 24
26 14
2 21
24 9
13 22
1 26
23 16
3 6
28 16
24 5
2 14
6 16
24 23
16 8
16 28
26 24
24 12
18 8
28 13
22 0
11 8
16 6
14 16
23 2
13 17
16 12
5 4
6 13
12 14
13 10
11 0
5 15
18 5
15 17
19 8
17 22
16 26
28 22
5 22
24 18
11 4
1 8
8 28
21 20
13 26
22 17
26 27
3 16
25 10
25 15
10 6
8 18
3 28
12 8
22 28
18 25
3 12
4 3
11 17
16 17
15 9
26 4
0 21
20 25
3 9
3 13
15 3
24 18
2 7
18 24
6 28
12 2
11 8
26 15
26 13
24 4
15 21
8 15
5 21
3 8
1 6
14 8
9 26
11 8
7 28
6 11
8 18
20 27
25 9
11 20
5 26
4 5
4 9
18 7
10 11
5 24
19 6
25 8
18 4
15 9
10 14
20 11
24 3
1 20
4 3
1 2
7 27
8 17
27 18
0 3
5 19
10 22
28 20
26 6
0 20
12 3
15 8
4 27
4 8
1 6
2 0
5 22
9 22
20 19
22 15
17 5
17 10
25 8
8 2
