33
8 20
21 17
31 30
8 2
0 30
17 23
13 14
28 24
12 24
1 22
20 24
10 0
8 15
24 6
29 12
12 3
32 1
20 30
29 26
30 27
21 15
17 1
29 12
26 6
1 25
28 22
14 4
20 19
9 27
14 21
4 17
20 3
2 15
32 29
13 26
15 26
8 17
20 18
8 26
18 31
19 7
13 23
25 0
8 1
25 22
20 30
6 5
0 6
20 31
0 31
22 16
22 31
31 9
16 4
0 32
2 20
6 15
8 29
14 16
28 4
3 13
1 9
18 0
14 4
29 14
0 18
30 23
14 28
32 29
32 0
28 0
18 0
13 26
29 27
10 25
32 13
3 31
21 22
29 2
24 25
16 24
9 12
14 23
5 12
19 3
10 15
3 28
15 14
21 9
9 29
32 6
10 3
2 29
23 30
29 14
20 10
5 29
22 20
18 26
30 2
29 7
15 30
2 28
11 21
5 18
18 2
22 26
5 25
22 28
20 18
9 7
26 13
2 16
31 20
7 28
22 3
2 3
0 2
31 9
23 3
28 6
6 17
32 9
7 21
5 27
4 12
2 29
25 4
10 23
22 17
16 9
20 16
12 18
18 11
27 7
12 22
13 16
5 11
26 12
30 29
7 0
6 9
29 32
11 6
20 0
23 2
7 8
18 20
24 2
29 18
9 8
6 20
25 11
31 18
21 29
12 28
29 18
2 25
15 13
29 1
11 19
3 17
25 21
4 16
23 0
32 30
8 3
18 31
12 16
14 1
10 26
29 6
12 30
29 25
8 25
26 20
9 29
4 1
16 6
15 4
4 15
2 10
16 20
9 29
1 23
28 12
17 22
16 27
19 13
17 28
3 11
13 5
15 12
19 21
28 24
23 8
26 0
24 11
9 18
10 0
13 22
15 3
4 7
20 15
24 15
18 0
26 29
4 8
9 23
27 4
14 17
12 5
18 1
16 27
20 27
25 31
14 5
32 16
12 20
31 2
0 15
2 27
11 6
0 18
30 28
20 9
10 30
13 28
32 29
21 17
21 11
13 1
17 13
15 27
31 12
29 27
32 21
3 22
20 31
15 7
8 23
5 19
17 4
13 5
19 2
14 32
1 29
10 16
24 6
28 20
3 20
17 22
22 19
9 17
24 16
23 13
21 9
30 23
23 0
9 23
14 7
22 11
17 5
0 24
32 18
25 17
1 14
6 20
24 15
4 13
30 26
26 18
0 21
9 23
21 16
11 1
23 0
10 8
4 10
30 1
28 20
18 29
1 25
14 23
5 17
4 2
10 28
21 8
15 28
32 3
11 8
2 9
12 8
11 20
3 12
14 23
30 8
24 20
23 13
26 7
15 26
15 10
12 23
25 7
20 27
17 29
29 19
3 7
25 14
27 28
24 8
16 21
17 5
7 5
18 31
12 0
24 25
9 4
13 1
11 1
26 28
28 23
12 31
28 2
10 22
28 1
29 11
20 11
17 27
16 0
25 28
1 15
18 10
19 31
9 28
30 3
22 25
24 1
21 17
2 31
6 30
30 0
9 18
11 24
10 27
24 1
20 23
16 5
0 2
8 28
32 9
17 25
31 17
11 15
19 10
19 14
5 20
23 21
29 12
32 24
4 31
9 25
14 13
24 14
15 32
7 12
8 25
2 4
7 14
19 24
24 3
5 27
23 27
16 18
6 15
9 8
13 16
1 25
29 25
4 9
22 11
22 28
1 24
32 6
5 16
30 27
19 1
20 8
28 3
26 32
16 0
8 29
16 7
19 11
30 21
20 17
30 7
12 32
30 9
3 0
23 1
26 9
0 13
15 28
16 8
27 32
8 0
26 23
5 10
32 0
31 17
17 28
25 27
25 20
1 29
20 24
28 13
32 28
24 14
21 7
23 15
4 29
14 30
17 7
16 18
3 32
0 32
24 26
24 9
27 18
27 19
13 8
18 6
30 32
27 5
20 8
7 15
22 5
32 4
10 14
22 14
13 21
11 2
14 0
11 8
19 5
25 30
11 8
4 9
8 29
12 26
2 19
8 22
22 8
27 0
20 16
12 0
4 23
2 18
23 11
25 7
16 17
5 28
26 7
2 32
1 14
23 4
0 32
26 23
5 20
21 25
2 31
23 4
21 25
21 9
3 13
15 17
30 20
10 21
25 12
20 24
24 11
28 23
8 22
11 13
7 32
3 9
30 26
12 16
16 0
23 19
13 5
3 8
23 14
30 15
24 15
5 16
24 0
6 32
20 17
10 28
14 11
2 11
4 14
25 18
12 15
4 25
21 6
32 9
18 29
23 9
9 28
23 1
28 29
31 14
13 9
7 25
20 9
3 23
22 26
8 32
9 11
25 28
17 22
4 0
18 27
7 25
22 31
26 16
27 25
30 6
32 4
31 19
11 0
7 31
26 16
31 0
27 21
28 9
10 31
9 26
25 14
18 13
12 10
27 5
2 24
9 32
26 7
18 4
5 24
3 30
7 32
30 32
20 24
8 28
22 15
21 12
29 4
23 7
14 17
12 14
6 21
13 32
26 30
4 32
21 5
27 28
2 24
25 22
15 31
17 2
13 3
13 7
7 3
12 22
19 24
1 25
10 15
25 4
12 27
1 31
30 28
24 32
17 16
19 31
14 1
0 25
4 11
30 9
15 10
29 1
1 31
24 10
13 16
14 23
8 13
19 5
8 10
2 23
26 21
21 7
20 30
24 31
27 1
13 4
28 12
4 26
4 14
4 18
28 25
25 6
11 28
12 21
31 2
12 17
24 19
5 11
14 27
7 9
26 19
13 22
29 17
13 0
29 18
17 22
10 9
28 22
2 7
8 0
10 21
16 32
5 19
8 20
11 15
29 3
32 7
25 29
23 3
29 19
21 11
7 32
18 2
19 21
8 25
19 18
13 2
15 17
19 23
4 31
3 31
1 3
5 24
32 26
27 26
13 14
5 20
11 21
20 30
9 28
20 29
11 32
29 26
16 18
12 18
16 11
21 19
2 20
13 27
11 26
8 14
11 19
3 29
14 10
25 2
6 3
1 30
15 11
0 27
29 16
5 15
2 5
0 15
32 12
6 26
15 25
27 12
5 4
5 9
5 6
10 2
21 25
12 21
19 6
2 22
20 4
25 20
18 25
30 22
29 22
5 19
16 17
24 19
19 29
29 24
0 6
25 19
32 2
5 16
6 7
4 26
10 29
14 26
19 9
15 31
20 0
13 2
22 32
19 17
28 9
17 2
1 2
32 1
5 13
7 13
15 1
21 12
13 14
29 22
27 10
21 15
10 1
15 32
31 0
14 27
9 32
27 8
32 26
9 4
4 16
15 20
15 3
30 28
15 26
18 10
1 4
23 11
3 9
1 3
23 28
12 20
20 18
17 13
27 22
16 9
4 1
24 6
31 18
19 22
1 27
24 5
17 0
6 19
9 5
22 31
32 0
18 19
18 3
31 11
23 14
20 25
15 9
29 11
25 16
0 26
10 22
29 26
23 2
12 30
6 1
28 5
32 12
24 16
13 22
27 3
1 12
26 14
21 23
23 14
6 22
5 14
11 2
7 32
2 19
30 8
19 23
13 18
2 3
32 13
23 26
14 23
5 8
4 25
31 28
4 2
17 9
16 26
11 22
26 12
8 21
20 25
11 32
9 12
2 8
25 23
2 7
13 5
13 16
30 11
11 1
11 26
9 25
17 18
14 8
30 21
29 16
13 6
15 22
18 15
31 8
3 31
15 17
3 26
0 1
2 9
0 13
0 7
4 15
26 18
24 21
4 18
4 18
24 17
5 7
30 1
16 1
32 29
16 3
23 16
4 25
23 2
6 23
10 8
5 1
24 27
22 29
13 25
12 4
9 17
12 5
19 26
6 18
22 19
12 3
21 3
24 9
14 32
15 17
0 6
10 20
2 23
12 25
20 30
2 25
14 28
29 30
16 15
28 19
3 31
10 27
5 22
24 20
4 24
25 14
12 27
2 22
7 28
9 2
30 1
14 24
30 9
7 13
24 0
30 28
30 5
20 2
25 12
21 30
1 13
9 11
5 12
1 10
7 10
10 2
10 22
26 7
32 0
19 21
32 14
14 29
18 2
29 10
12 15
5 13
28 15
25 32
25 24
7 32
1 18
32 11
5 26
17 2
24 1
24 23
13 5
19 31
5 16
9 17
31 14
29 25
27 19
22 19
10 27
16 11
10 16
21 16
9 3
18 31
4 9
22 15
13 6
14 16
20 23
32 17
2 28
7 28
12 29
14 22
23 31
31 32
14 17
15 21
20 0
19 22
8 6
5 21
11 17
4 29
5 3
13 7
29 20
0 8
14 15
28 3
11 25
2 25
9 17
11 28
15 28
17 23
0 20
9 11
4 12
7 15
19 13
10 6
13 16
19 28
12 20
6 4
22 29
11 4
7 6
19 1
22 8
1 7
17 10
10 29
15 17
10 1
30 20
6 11
1 25
6 13
12 11
15 32
5 27
3 11
31 20
12 20
28 11
26 11
21 3
7 3
20 15
5 18
0 9
27 2
1 0
15 11
9 29
10 15
21 11
26 19
29 3
5 23
14 31
1 2
32 6
3 19
22 6
2 22
15 29
24 14
28 5
25 4
32 0
17 20
9 8
4 6
11 7
29 23
3 28
25 2
32 29
20 21
0 22
9 16
19 31
30 12
3 21
14 0
21 32
20 31
5 25
2 15
32 29
5 3
22 29
3 21
25 23
10 23
13 17
6 30
15 4
9 17
25 23
17 11
20 3
7 24
28 7
6 25
3 11
26 25
7 30
14 30
20 22
21 31
4 25
28 19
27 2
1 19
24 17
29 9
20 3
0 13
11 4
5 12
16 30
3 21
27 15
17 12
2 3
11 6
28 4
23 5
25 7
29 9
1 5
27 3
4 7
12 8
10 24
22 7
25 11
32 7
26 12
9 29
21 15
22 23
4 10
28 29
16 22
3 17
28 30
20 30
2 32
5 12
22 28
18 14
4 17
20 30
29 24
15 10
11 4
12 22
32 8
3 22
9 20
15 4
6 12
6 3
17 16
23 10
1 3
14 19
23 9
13 17
0 27
25 10
31 4
32 28
10 0
17 19
18 30
21 24
7 25
26 25
9 16
0 8
19 15
25 7
24 6
25 23
31 17
0 29
22 30
22 32
30 7
17 15
2 5
5 10
29 0
3 12
0 11
30 13
4 3
8 29
26 6
12 24
0 32
19 22
29 14
27 13
27 30
17 32
5 11
28 5
14 6
3 25
1 17
27 5
20 2
0 11
6 12
2 6
9 19
27 5
0 19
17 27
14 32
25 19
10 18
22 24
24 26
14 23
10 9
29 28
11 27
6 16
4 6
20 13
25 14
18 25
1 2
19 13
32 9
0 9
28 22
31 17
13 8
21 22
2 16
31 29
20 14
0 26
2 13
18 14
29 8
15 30
26 27
29 2
27 6
30 14
2 13
28 15
21 14
4 23
31 3
17 16
15 17
10 17
28 26
32 24
2 12
19 26
6 16
28 31
20 24
11 22
4 5
25 18
7 13
14 8
30 31
24 12
6 5
32 3
29 32
14 16
25 20
30 19
17 10
28 4
12 32
9 2
17 15
15 30
23 10
28 12
20 1
19 25
31 22
19 31
3 0
21 22
30 7
4 12
15 32
17 27
29 24
29 11
6 9
8 28
17 1
7 4
2 26
29 32
14 30
15 14
16 2
12 24
6 22
6 3
6 32
32 29
28 9
2 3
17 30
20 19
3 23
19 27
17 18
6 31
13 22
13 30
22 23
19 27
12 25
30 17
24 28
13 18
4 13
21 9
6 5
12 29
23 4
12 6
11 10
18 31
21 15
20 11
32 14
22 24
10 6
14 5
17 30
7 28
16 26
4 20
32 14
15 20
19 27
26 30
4 11
28 26
24 15
2 23
28 24
13 5
28 25
10 22
17 6
3 10
10 23
7 25
5 27
9 32
19 6
2 30
1 28
22 14
28 12
9 18
23 14
11 15
22 2
4 26
5 13
1 27
18 24
32 13
0 30
30 6
32 27
5 25
14 20
18 25
29 3
15 9
15 31
29 2
31 1
28 2
12 29
29 30
21 26
8 21
21 5
26 20
31 10
12 18
29 4
13 30
20 22
10 16
18 12
14 17
7 16
29 2
10 25
21 4
0 9
25 4
2 11
2 32
19 14
17 13
19 30
11 4
17 19
20 1
32 18
4 14
13 6
24 5
27 26
3 2
17 5
2 26
7 1
12 20
17 26
4 12
2 8
30 21
26 31
18 23
14 23
4 25
27 30
22 18
32 22
0 4
24 26
10 24
6 30
8 30
1 20
30 7
15 16
0 11
2 23
24 23
26 16
17 18
12 4
1 11
26 2
13 16
28 23
7 32
20 13
27 19
31 24
26 14
6 26
23 6
15 14
29 6
29 11
22 8
14 21
17 5
23 30
21 17
21 26
16 6
4 11
24 3
0 17
15 6
9 3
10 22
18 6
26 12
16 15
20 30
1 4
0 25
1 20
7 20
13 23
25 16
32 16
19 31
31 32
2 7
2 13
27 18
17 20
30 0
0 15
28 2
19 29
25 19
16 32
4 27
20 27
10 18
8 27
16 7
26 16
12 27
29 5
10 14
25 8
12 24
21 6
24 8
2 16
25 16
13 27
10 31
22 19
16 30
13 30
2 5
14 13
30 8
18 7
20 8
13 0
30 2
4 21
8 6
2 0
20 15
25 30
14 28
10 28
26 10
31 5
21 28
11 4
0 32
13 12
30 10
14 1
30 20
5 32
18 25
13 10
20 27
23 2
20 0
30 13
8 26
16 30
19 28
1 17
25 12
29 22
21 10
21 18
30 26
15 18
28 24
5 20
14 7
8 12
2 19
20 26
3 15
12 29
15 30
21 27
26 10
15 2
31 30
22 12
11 7
7 2
10 28
16 1
28 18
20 13
10 21
29 22
17 9
17 3
3 11
11 17
11 7
13 8
29 25
19 1
31 21
12 24
2 26
25 28
9 10
9 19
32 3
9 14
12 24
16 13
0 27
30 11
2 9
20 29
1 4
31 32
24 8
23 26
32 13
22 8
24 29
28 21
32 2
2 9
26 16
22 27
11 18
5 11
27 23
5 26
26 1
26 17
9 14
8 6
28 15
19 24
10 5
21 12
5 30
5 22
20 32
31 3
3 9
30 24
14 23
17 16
14 32
23 29
8 30
22 3
10 6
28 20
11 16
30 16
12 0
3 32
0 1
0 1
10 30
25 23
18 8
4 0
7 25
27 15
20 16
19 30
20 12
15 31
26 12
12 5
13 16
2 11
17 2
10 26
30 0
14 16
8 16
14 16
6 8
29 27
22 13
22 9
23 5
5 17
15 22
26 31
23 2
14 25
12 7
21 13
19 4
19 2
16 0
8 22
30 0
11 8
23 18
32 26
21 14
6 3
1 0
0 24
0 14
15 13
19 3
24 5
5 10
5 19
11 8
6 12
17 12
0 11
24 21
23 30
22 25
28 22
14 29
1 29
7 20
30 31
25 0
8 28
19 17
7 25
23 19
7 3
17 7
12 8
26 3
3 14
26 30
3 7
26 5
4 31
25 32
29 16
31 2
9 15
20 16
8 10
0 15
11 17
21 22
25 14
25 27
28 18
24 30
25 17
0 27
13 23
25 9
6 23
11 14
5 31
30 11
7 31
25 16
15 13
5 6
25 28
0 21
13 24
16 4
6 16
29 19
6 21
26 11
9 4
25 15
1 22
24 6
18 16
22 32
29 26
5 22
21 3
8 0
27 24
4 31
7 31
15 11
18 8
22 27
10 12
7 11
2 32
17 18
15 5
17 10
31 20
30 19
23 5
17 15
27 19
11 32
18 26
10 3
1 31
28 12
10 3
21 10
2 4
29 15
9 11
23 5
32 20
22 25
7 3
17 26
14 16
11 8
25 12
7 23
8 17
0 11
6 9
11 8
5 24
15 16
15 20
13 2
9 1
26 14
4 8
8 18
25 17
24 17
30 5
3 14
3 12
18 12
23 26
15 12
8 30
27 28
10 28
3 11
19 15
13 27
23 30
19 6
21 1
3 18
6 4
31 10
16 20
6 10
3 18
18 31
11 12
8 6
13 18
23 28
29 17
17 26
2 23
13 3
24 29
8 28
27 16
11 3
15 19
4 31
4 2
7 14
9 13
25 1
19 21
19 3
15 21
24 28
22 15
24 30
8 19
13 17
28 15
32 14
17 28
16 20
3 29
27 14
21 19
16 7
7 2
8 22
21 32
15 10
12 5
8 18
22 19
2 17
32 1
31 17
28 12
2 31
8 29
12 30
15 26
2 22
26 9
10 14
6 23
25 19
28 31
4 17
15 5
1 13
6 30
30 32
10 32
30 18
28 8
13 8
32 14
30 26
23 5
7 29
29 30
13 24
26 16
9 7
21 8
20 25
6 17
25 14
14 20
30 7
26 9
15 26
23 10
19 11
16 24
5 10
20 17
32 13
0 6
18 19
15 5
9 19
20 32
0 32
20 30
6 11
4 21
4 27
32 21
3 13
11 9
23 31
24 20
9 24
27 28
8 9
31 17
28 19
17 26
18 2
21 25
13 26
11 16
18 10
4 22
21 15
29 9
11 20
30 21
9 24
16 17
31 14
32 26
31 14
19 15
16 7
5 28
0 16
11 19
25 15
6 13
29 2
23 7
20 18
28 29
9 11
7 22
10 31
18 23
15 0
6 22
5 1
21 20
10 5
12 26
9 23
20 11
11 25
31 29
21 25
3 28
3 8
17 11
4 3
1 19
1 6
7 5
5 26
25 16
29 2
7 5
23 25
14 2
17 10
29 3
2 31
32 3
6 14
12 9
15 12
28 17
18 0
22 21
26 12
2 22
14 7
27 4
32 6
4 15
16 1
18 30
15 21
1 28
32 10
10 11
4 25
27 4
12 15
31 24
16 18
3 23
11 6
21 17
8 1
1 7
19 17
4 0
4 6
28 3
14 3
14 18
29 8
23 8
21 19
31 4
4 32
26 13
3 14
31 12
15 32
19 32
16 22
30 20
28 25
23 7
29 2
26 23
10 14
29 32
0 25
1 2
25 27
16 28
6 14
5 19
11 23
17 27
12 14
13 5
5 1
12 32
4 5
22 12
19 18
9 17
9 11
20 1
3 27
10 15
31 27
26 21
11 18
0 26
29 5
31 15
30 0
21 17
10 5
0 20
21 9
29 8
8 32
9 1
7 24
32 2
15 20
13 0
18 4
28 21
0 24
3 28
24 22
12 32
26 11
19 14
20 15
22 27
13 29
28 20
20 27
22 0
14 1
0 30
5 28
18 4
19 21
32 8
9 10
6 2
19 25
16 6
6 3
0 17
32 28
4 17
20 25
17 32
26 15
29 31
11 12
0 28
32 0
2 8
8 10
27 31
24 31
2 27
30 19
24 23
24 8
11 16
