24
8 3
13 5
15 16
3 23
15 0
0 2
11 2
16 21
23 19
7 3
13 1
19 21
18 19
20 21
1 7
22 5
12 19
12 20
22 4
11 15
20 14
18 22
22 2
19 21
21 2
16 10
20 12
7 6
23 19
20 0
18 10
21 7
5 2
3 20
6 7
11 2
13 5
0 11
8 11
9 21
13 17
8 1
5 7
8 20
19 20
13 6
10 12
11 12
8 23
10 15
10 12
4 8
4 15
16 15
16 13
21 2
13 22
23 13
22 20
8 18
9 21
0 11
10 4
16 18
3 2
1 6
7 5
14 11
12 6
19 21
11 16
23 17
6 22
6 5
10 14
15 19
3 8
23 5
12 15
15 7
17 16
13 16
13 3
4 18
1 15
7 5
23 22
22 21
20 4
18 23
10 18
5 18
9 11
22 0
18 5
10 3
19 2
8 14
22 2
16 13
1 21
4 23
11 2
12 7
20 11
17 22
21 22
16 7
1 14
23 20
12 9
23 12
23 13
2 21
8 19
10 12
19 21
14 7
4 3
10 13
1 7
4 10
6 5
16 6
17 4
15 8
3 19
8 9
22 2
6 21
17 18
8 6
1 7
3 20
17 16
13 17
20 23
23 18
8 21
11 4
13 12
8 0
20 9
22 14
15 20
11 0
7 12
7 0
19 2
20 5
18 9
22 7
1 13
1 9
11 4
13 16
16 13
16 4
22 7
18 6
3 22
6 2
2 5
2 21
23 22
18 0
16 1
17 22
18 9
22 7
17 7
13 9
11 3
16 22
9 12
12 8
14 5
17 3
5 7
22 15
23 14
16 4
2 10
13 0
10 6
7 15
8 11
18 16
9 20
4 13
4 11
3 1
20 6
6 19
4 13
19 11
21 3
7 23
6 13
0 16
11 23
7 19
10 17
12 11
13 8
0 17
11 19
11 7
2 9
3 22
23 14
1 20
17 9
20 23
22 12
7 9
11 6
21 14
0 1
1 13
1 18
23 13
13 10
20 7
11 15
22 10
5 23
7 23
0 3
14 15
22 16
18 20
13 8
20 6
2 7
20 17
20 1
19 9
9 6
0 7
17 22
22 16
13 23
19 3
5 2
17 21
12 14
2 13
2 0
15 20
8 3
13 20
4 8
21 5
7 14
12 0
12 3
16 17
18 3
12 23
21 6
13 1
12 7
14 6
8 5
3 8
0 8
20 21
9 18
2 16
8 7
8 12
10 0
5 4
19 17
19 8
15 0
9 19
8 0
18 8
21 16
14 21
4 11
6 22
13 22
22 20
6 2
22 23
18 9
17 14
9 0
14 19
12 14
11 6
22 0
19 6
14 16
11 1
15 1
7 5
16 19
12 18
18 2
