17
3 7
16 15
3 14
11 7
7 13
2 4
11 15
7 0
5 8
0 14
6 7
1 16
2 16
10 7
2 12
3 13
3 2
12 14
8 14
4 6
10 14
11 12
13 9
13 9
8 4
6 15
2 8
5 12
15 6
2 8
2 13
5 13
6 0
1 5
5 13
12 6
11 6
2 15
6 15
7 14
10 4
3 12
12 0
7 1
14 0
10 7
13 6
3 10
14 12
16 2
9 11
8 3
8 10
9 14
16 2
9 3
14 12
7 5
10 16
2 10
9 10
14 6
4 8
3 0
15 13
0 9
13 3
0 6
12 5
14 2
15 14
5 3
1 3
8 11
3 2
13 3
3 1
10 15
0 4
6 15
9 6
7 5
0 15
2 3
3 7
5 10
5 2
13 14
5 8
16 15
12 3
1 14
4 16
14 16
6 4
16 3
11 4
4 10
15 7
4 5
13 14
1 6
2 15
2 15
15 2
13 10
13 5
15 0
12 13
7 9
8 7
13 2
2 0
3 0
7 16
6 11
4 15
0 6
14 3
4 12
13 8
13 9
13 12
0 16
7 9
7 5
5 9
8 13
4 16
12 11
5 6
15 12
15 13
9 8
12 5
0 8
5 4
3 5
4 10
3 14
0 10
1 8
7 13
7 10
7 4
7 5
16 5
1 16
5 10
11 10
1 2
6 13
