38
6 31
19 28
35 13
10 28
17 9
6 5
10 22
31 8
23 35
36 19
10 18
2 6
6 7
3 31
35 11
14 3
20 11
10 33
24 36
23 19
7 8
25 34
8 18
4 31
31 18
28 3
37 31
25 5
16 6
14 30
34 28
11 16
17 21
12 3
20 13
1 5
21 26
1 30
22 21
1 15
2 30
34 17
1 21
0 33
27 30
25 1
21 37
18 16
36 8
20 34
37 2
21 25
3 29
25 8
2 5
16 36
0 33
35 0
29 2
8 32
4 7
9 0
24 8
8 6
4 23
21 6
22 8
26 29
33 29
0 13
12 32
27 12
28 24
28 35
26 36
29 8
6 1
8 30
25 32
14 29
18 35
14 2
21 18
32 25
10 23
37 4
12 27
32 14
17 7
18 31
37 27
15 16
35 7
3 8
37 10
26 12
2 6
11 36
16 5
23 26
28 0
9 2
27 3
32 22
11 13
16 26
2 31
20 15
17 1
23 32
27 11
7 8
34 18
6 12
2 8
1 30
8 10
11 14
29 21
36 18
34 14
22 36
24 4
30 19
5 15
13 33
5 36
3 1
33 25
13 35
33 14
5 20
2 32
34 32
16 32
28 25
13 5
11 17
35 30
1 12
5 34
17 20
15 34
15 2
10 28
36 2
33 34
5 6
30 15
22 24
5 28
11 34
33 0
14 30
30 15
21 14
27 16
12 4
13 27
22 23
17 20
3 28
16 24
34 24
1 34
11 23
25 0
35 20
1 11
29 9
4 12
1 9
28 13
13 3
18 36
4 35
34 24
4 29
10 16
15 28
29 4
29 32
21 26
30 22
16 21
9 20
33 11
30 2
2 21
5 21
35 26
34 10
12 16
17 22
33 10
28 24
15 19
18 36
8 26
36 24
10 7
22 21
34 30
23 15
30 7
36 27
33 10
15 23
27 32
23 22
5 14
24 36
33 20
12 19
8 26
5 18
11 28
2 24
36 3
1 28
10 37
18 21
9 11
6 36
6 30
36 27
6 0
3 17
20 31
37 29
19 20
25 30
10 5
16 25
9 33
15 19
32 11
3 20
23 25
34 7
17 11
12 1
11 15
35 32
8 12
1 5
32 26
35 21
10 30
8 19
25 23
16 36
35 34
20 23
30 5
18 19
17 36
31 32
33 25
18 7
4 23
17 30
36 0
18 6
8 15
10 32
32 24
29 7
20 27
8 28
10 27
10 27
3 37
36 6
33 21
10 18
0 18
32 1
37 1
25 14
27 19
24 13
26 10
33 31
18 1
3 7
27 8
26 30
23 2
14 18
23 2
36 2
21 31
19 36
10 6
28 37
4 31
28 8
3 1
2 21
2 21
7 30
8 33
0 31
36 15
12 37
17 26
1 16
35 36
14 7
21 22
25 14
12 11
17 13
13 0
32 13
23 24
21 19
2 30
17 33
4 32
13 31
12 7
6 10
0 14
9 21
14 12
13 5
24 30
18 15
8 12
28 32
14 27
29 17
20 24
12 2
18 3
11 30
11 18
19 27
10 28
10 2
19 23
7 5
31 26
36 17
16 27
27 9
32 18
26 30
20 16
33 1
36 6
9 25
2 6
14 28
13 2
31 32
25 0
15 34
4 13
13 21
18 3
30 13
37 34
21 20
28 16
37 26
1 24
29 19
31 5
10 22
7 3
16 10
19 9
6 24
22 36
7 19
17 15
10 16
11 31
14 17
10 29
22 27
16 13
8 25
35 34
9 4
15 3
31 35
12 15
21 34
29 6
31 8
21 3
3 10
35 33
5 23
25 27
12 19
3 36
6 0
11 31
20 26
34 29
23 8
7 22
20 36
28 30
7 27
33 26
37 30
21 5
15 24
10 5
5 29
20 27
29 31
36 28
35 32
19 37
18 26
21 17
3 28
9 26
17 4
14 33
13 16
6 0
26 12
21 18
10 11
25 3
9 31
16 20
13 15
16 17
15 33
20 5
20 24
0 3
0 11
16 14
27 22
30 32
12 13
28 22
24 31
3 12
25 20
10 0
13 26
33 28
22 32
11 20
18 12
23 35
23 1
11 29
2 19
1 14
32 29
37 35
22 18
9 25
0 19
3 30
7 37
20 7
31 10
28 27
0 29
24 23
31 13
30 33
32 31
25 27
0 24
24 1
21 11
26 21
30 8
29 15
7 28
1 16
0 7
5 0
36 30
1 7
5 10
2 0
19 28
5 20
30 29
37 13
2 3
13 10
11 20
3 34
10 4
28 10
27 34
26 4
28 33
25 16
14 3
35 20
8 33
28 37
32 20
17 14
33 27
3 15
9 0
4 13
28 14
3 2
19 7
6 25
18 10
3 32
13 0
30 22
34 21
37 6
3 33
20 14
0 2
7 9
18 11
1 24
4 27
1 27
11 26
7 21
29 18
13 29
10 13
3 9
12 10
28 23
8 20
24 10
6 33
28 33
12 15
15 32
20 16
21 9
4 7
31 33
25 22
3 13
35 6
23 25
16 29
11 25
28 13
13 34
24 20
29 37
35 7
31 33
1 15
4 6
22 13
17 25
35 20
0 10
27 1
36 5
9 25
8 37
0 22
33 24
4 2
1 17
25 33
28 27
26 32
11 26
8 28
13 21
11 29
32 0
31 8
5 2
33 30
17 11
14 28
35 34
30 15
29 34
10 19
23 14
29 34
18 37
24 31
37 13
0 9
13 31
17 35
11 12
27 6
23 19
34 36
15 27
13 22
1 3
24 31
32 36
11 10
0 20
25 14
21 34
27 30
13 2
4 25
29 26
26 10
23 2
3 28
32 25
29 33
6 31
5 17
7 16
27 7
37 14
37 20
26 5
12 1
7 32
4 15
21 30
25 22
10 7
12 4
10 19
16 17
12 21
12 19
37 1
4 14
31 4
12 19
9 3
36 32
13 2
9 12
10 13
34 20
20 24
25 30
5 19
25 17
2 37
14 17
16 19
32 25
1 22
22 10
25 20
20 1
22 30
13 32
5 26
31 25
12 34
33 18
15 37
13 17
14 28
34 9
9 6
34 10
7 19
36 32
1 18
11 2
10 3
12 31
29 5
34 3
17 8
37 32
7 13
27 37
3 2
8 28
24 21
16 31
2 14
26 19
10 15
21 37
18 34
30 25
17 5
29 35
13 6
29 36
19 35
0 37
22 28
23 5
6 17
23 36
21 4
9 36
4 24
17 16
32 4
33 37
11 30
12 18
0 26
15 35
24 16
34 24
6 19
7 29
14 30
27 35
12 14
34 32
0 29
10 33
33 6
32 23
14 23
3 30
11 34
27 13
12 1
37 35
37 22
26 13
30 15
27 5
8 23
15 8
14 26
19 25
10 14
10 2
15 29
33 26
26 0
18 16
18 17
13 17
18 1
8 10
33 35
31 3
36 9
27 28
13 9
16 23
1 4
3 16
34 36
20 0
15 0
32 33
34 8
28 14
25 36
2 20
12 34
1 26
5 29
17 34
16 11
35 17
15 0
11 27
37 9
5 30
26 0
25 22
24 15
14 11
29 16
10 3
28 11
8 11
18 25
7 12
14 4
7 29
5 18
35 20
6 2
12 32
18 37
32 4
30 24
16 21
18 26
3 9
15 11
20 12
14 28
24 28
10 32
19 15
28 32
35 12
35 25
6 15
24 16
36 16
2 14
16 21
18 19
30 11
30 28
23 6
34 26
12 7
36 31
22 26
26 36
17 1
23 32
26 18
30 20
20 22
36 19
18 17
11 30
25 18
31 9
14 19
21 17
31 22
22 35
20 1
36 21
2 8
