17
14 16
6 3
15 12
10 7
6 9
16 5
6 4
5 3
6 2
8 11
8 1
12 4
4 2
9 13
9 5
2 9
11 5
15 13
12 15
13 0
12 8
13 0
11 10
10 3
5 9
12 0
14 7
10 14
4 3
2 14
3 5
2 1
11 8
15 6
14 2
14 9
10 0
4 11
1 15
16 10
10 8
15 1
9 12
13 12
6 10
15 2
3 8
4 11
14 10
16 15
8 0
16 4
10 8
11 10
1 4
9 8
13 1
11 0
5 0
10 3
10 4
2 14
15 16
15 5
15 13
4 6
12 3
2 14
11 13
7 4
0 7
3 5
8 14
5 13
6 7
8 16
11 10
5 1
1 11
6 7
8 2
14 11
5 16
8 12
6 12
3 13
15 16
13 3
5 0
9 3
16 0
5 1
5 14
2 7
12 9
15 14
14 1
2 13
0 1
16 7
13 3
11 2
2 15
14 15
7 6
9 6
6 15
7 2
12 0
10 15
10 16
12 15
8 15
12 9
7 11
16 12
5 1
14 16
8 2
5 15
9 15
4 6
4 3
0 7
3 10
6 4
0 1
3 9
7 6
1 15
8 10
14 0
15 4
8 1
9 6
