41
17 25
35 16
15 33
0 23
1 9
4 29
10 38
11 5
18 32
17 12
5 28
35 14
2 6
40 32
10 20
7 29
5 1
6 20
35 7
5 36
18 9
26 28
8 37
34 27
31 12
39 36
0 36
11 4
1 10
39 13
31 5
4 38
6 10
19 2
19 26
40 37
36 26
27 5
24 20
32 14
32 33
11 34
28 25
0 31
35 0
3 27
5 9
26 13
20 5
18 39
31 19
38 28
4 24
34 31
3 27
6 37
19 20
33 8
4 33
39 0
33 4
28 40
13 15
14 35
20 32
34 13
13 33
0 17
16 36
9 21
23 16
17 3
36 11
12 40
5 12
40 18
29 39
34 4
15 28
26 8
23 39
21 15
1 39
31 37
9 13
21 25
33 25
22 3
39 21
9 10
23 8
31 13
9 24
19 24
11 5
32 37
5 13
11 6
13 4
5 22
17 26
9 12
31 15
10 14
26 23
39 34
15 11
4 39
31 28
11 38
22 7
2 37
19 11
11 25
16 33
3 15
18 35
30 28
10 15
12 8
10 27
19 15
27 11
4 39
8 26
5 11
24 26
24 35
10 40
28 16
4 33
31 22
27 20
12 39
37 26
6 13
26 23
40 39
28 38
7 15
5 20
40 31
3 34
3 4
23 19
8 16
9 33
4 31
4 3
29 30
11 35
4 39
20 6
38 9
3 4
24 10
26 25
1 29
19 6
35 3
25 2
21 36
37 28
26 0
33 14
33 3
10 37
2 30
2 40
39 8
5 25
18 31
9 21
21 30
27 15
36 13
19 16
8 16
3 34
18 38
9 10
1 20
7 5
11 6
12 19
11 37
40 3
5 20
26 38
9 2
33 22
21 8
31 39
14 26
17 11
36 29
14 17
36 19
28 9
25 40
30 38
38 29
2 3
11 28
2 22
32 35
3 13
4 36
13 20
24 32
34 19
21 7
36 16
27 25
27 13
27 17
11 24
5 13
29 18
3 31
40 35
27 5
9 32
0 25
13 24
16 6
4 37
14 1
15 2
27 1
15 13
18 28
37 26
3 28
3 6
18 3
2 5
8 14
39 10
39 11
37 16
18 0
13 34
2 30
36 31
31 10
5 11
0 3
37 3
31 1
11 4
15 16
14 29
16 25
29 27
23 7
6 23
20 40
27 9
35 17
1 7
24 12
7 28
10 20
12 23
31 18
38 8
33 27
24 19
17 13
1 24
19 26
5 21
13 16
17 32
18 26
18 32
33 5
2 4
25 16
27 18
34 25
26 13
10 6
30 23
7 16
3 36
21 26
10 38
3 1
17 29
21 10
24 26
12 28
13 28
17 31
22 1
18 9
16 28
16 7
12 25
23 18
20 6
3 30
5 6
34 24
38 16
34 21
2 6
10 17
36 27
9 19
30 27
29 7
17 6
15 29
33 40
6 15
5 12
6 10
20 40
34 17
18 28
40 20
36 12
39 33
0 9
12 31
38 2
40 14
10 14
5 2
14 11
17 21
25 24
34 5
25 27
24 2
16 24
24 13
36 24
8 38
35 22
28 33
26 30
6 36
3 11
40 19
25 19
0 9
4 34
16 31
22 0
36 0
24 21
13 21
7 23
18 1
4 8
34 30
38 2
27 2
13 27
22 40
7 24
11 17
27 3
39 29
0 39
14 22
14 37
29 39
17 30
3 25
26 33
24 28
22 28
2 10
11 2
17 35
15 30
11 3
33 12
33 34
12 8
17 28
5 7
27 22
37 30
8 24
24 34
11 5
21 14
15 35
18 34
29 35
23 2
38 18
14 32
13 28
0 32
16 7
39 2
29 37
34 37
21 19
30 32
27 12
7 1
6 27
38 23
20 40
21 40
15 14
14 4
16 5
20 23
3 24
13 0
19 9
21 39
0 14
25 15
24 28
23 10
25 20
34 7
21 16
6 38
32 23
2 10
28 24
33 32
10 6
32 29
17 14
27 20
30 11
35 13
40 17
26 40
21 33
22 39
1 22
30 24
26 40
11 9
35 4
21 2
38 10
21 11
37 0
1 10
35 16
11 14
1 37
15 24
30 39
22 33
20 14
18 5
13 31
17 9
36 38
13 33
7 35
6 37
9 16
34 27
27 7
29 25
24 12
16 22
37 8
4 10
26 11
25 19
30 35
14 28
9 8
37 5
14 4
2 25
22 36
12 10
4 2
36 28
16 11
11 12
22 15
22 9
27 7
28 16
3 1
5 12
12 4
18 26
8 20
13 33
15 25
2 19
29 38
8 4
11 19
17 33
37 39
1 25
5 32
2 8
33 8
23 4
14 0
33 24
22 7
16 37
34 19
17 22
18 25
26 29
5 2
21 1
1 25
28 8
16 31
19 10
0 1
17 14
3 11
40 25
18 23
11 39
40 33
16 26
18 5
33 21
28 35
24 14
24 34
30 14
12 2
14 15
19 30
18 30
32 2
7 9
25 18
7 26
12 25
11 30
32 4
12 20
0 38
36 26
34 26
0 7
28 16
23 8
6 2
38 40
7 6
8 32
24 17
20 38
1 33
27 36
39 1
17 0
0 12
27 34
40 27
1 29
2 24
37 10
28 34
11 35
40 19
27 25
38 8
22 1
0 11
37 40
14 13
40 14
27 26
8 27
14 11
15 19
35 12
29 24
7 2
19 9
21 7
34 21
15 18
22 15
31 20
16 4
35 18
20 21
5 28
7 20
0 25
39 37
37 29
21 5
31 40
14 6
10 37
21 28
20 38
20 40
14 24
34 5
16 39
34 24
20 34
8 18
31 6
9 13
11 1
12 26
17 18
36 13
39 25
33 38
4 34
11 30
27 6
35 5
5 30
31 25
26 0
5 18
6 16
31 19
17 2
6 35
22 3
9 20
28 2
19 34
38 31
25 27
39 20
32 3
11 22
31 39
22 36
16 30
13 8
8 30
12 15
26 34
20 36
15 8
40 35
3 37
27 29
23 25
10 16
31 21
38 21
20 19
18 38
10 31
6 19
22 18
36 8
12 15
5 27
25 6
23 29
4 9
19 30
35 29
5 25
9 5
7 31
26 25
29 37
17 37
15 39
14 12
8 28
29 13
17 14
21 40
4 28
9 23
19 5
13 24
30 24
31 37
15 17
23 5
13 40
1 30
38 17
1 6
5 30
21 24
5 4
23 11
32 34
36 10
39 8
36 30
33 27
28 9
5 10
14 18
9 17
9 34
10 17
0 1
38 24
9 1
9 20
35 2
16 4
1 26
2 33
18 31
21 29
36 31
2 13
2 19
22 13
15 34
30 15
37 29
40 5
33 8
28 27
12 5
34 15
33 36
8 13
26 29
1 21
21 4
36 25
25 19
40 1
12 29
17 10
18 10
28 7
39 1
12 32
17 4
29 25
19 16
15 21
39 38
27 36
25 13
14 24
15 28
15 34
39 35
11 16
6 0
23 4
1 37
39 18
2 27
4 22
5 21
4 3
21 31
40 7
3 15
31 18
3 7
11 1
1 24
19 7
26 3
12 28
1 10
7 5
39 14
29 3
37 33
9 17
23 10
24 27
25 17
6 28
24 20
31 26
5 11
35 32
16 8
21 17
18 30
25 19
3 13
24 2
6 35
19 29
4 5
17 30
22 24
19 7
5 12
35 10
25 30
1 38
24 20
18 14
4 39
19 18
22 21
26 17
2 14
23 7
34 12
31 17
34 38
22 5
33 34
30 24
36 33
23 21
13 0
35 19
39 16
37 23
37 24
1 0
0 24
7 34
39 40
12 32
38 34
39 32
29 30
17 24
23 40
7 36
0 1
16 0
19 13
23 18
39 26
18 39
10 26
32 8
25 3
40 24
39 40
17 28
29 34
13 11
34 20
8 36
24 25
36 2
40 21
20 38
6 0
37 18
26 30
26 12
34 27
39 34
26 15
21 17
11 37
28 4
18 37
1 21
39 6
22 19
28 19
28 17
7 15
7 36
30 2
22 28
36 10
4 19
27 15
15 16
21 33
12 22
37 35
21 4
18 1
32 38
31 22
16 39
37 23
34 28
25 17
15 23
27 20
1 15
37 18
32 18
12 5
40 10
2 22
14 20
24 8
17 14
32 36
14 30
18 7
18 5
27 33
30 15
14 33
31 11
10 24
31 24
29 32
35 33
14 10
13 40
20 32
15 11
27 30
1 7
39 19
12 25
11 3
0 28
36 33
0 5
16 31
31 6
22 25
40 38
38 12
37 17
3 14
29 33
3 30
40 3
8 11
29 21
16 31
8 11
23 8
18 39
0 8
6 23
36 5
22 33
17 21
9 23
35 40
15 38
29 14
2 39
27 31
20 2
23 30
13 5
0 33
5 0
0 12
25 36
17 7
30 37
28 40
21 22
39 36
21 30
11 23
28 40
16 9
1 39
40 16
6 40
8 13
40 10
25 8
4 34
38 2
21 37
23 4
38 20
27 31
11 16
32 29
26 35
28 25
10 36
26 20
8 25
32 36
11 40
40 4
38 3
27 36
28 33
35 7
19 23
40 33
40 31
21 25
25 10
11 37
5 37
18 14
23 9
11 35
9 10
39 8
15 28
3 2
20 39
9 1
21 10
34 20
0 14
6 27
25 19
25 32
15 2
7 39
11 18
35 22
28 33
30 4
22 34
6 2
34 17
3 14
27 39
37 29
12 4
17 39
24 1
31 0
3 38
39 17
16 33
0 5
28 31
10 9
26 18
13 21
36 18
35 24
16 33
13 31
38 30
31 23
34 21
23 39
21 22
15 39
16 3
5 8
15 17
36 34
30 16
31 10
12 14
28 7
29 20
6 21
11 29
14 34
11 12
14 35
30 14
13 7
20 18
17 35
35 12
30 27
30 22
39 1
37 26
10 27
6 16
7 17
4 23
10 18
38 27
12 29
0 25
36 20
5 12
17 1
26 8
28 17
31 26
20 29
14 31
17 20
6 25
39 13
9 10
31 6
39 2
35 40
30 32
21 35
5 40
36 31
8 26
9 0
13 30
31 27
20 7
6 26
34 6
39 3
17 29
11 15
34 8
16 23
40 19
7 39
16 40
8 1
9 8
15 39
0 3
18 8
12 5
1 18
6 37
37 18
12 30
28 30
14 29
29 35
36 28
11 36
38 14
4 8
31 2
8 35
22 18
6 27
20 24
33 28
23 32
7 35
21 35
26 38
24 15
32 21
4 16
1 19
20 11
11 24
20 5
5 38
13 35
19 38
29 7
22 20
16 3
11 3
0 37
18 34
17 24
0 36
26 21
17 39
32 1
18 38
8 18
10 2
39 9
34 7
31 13
24 8
16 37
12 18
33 32
14 11
16 14
6 3
35 24
1 26
27 22
25 35
40 38
40 38
8 33
5 1
7 31
11 26
27 25
3 21
17 34
35 33
0 38
27 26
0 15
14 22
1 10
21 0
11 21
9 5
28 12
13 18
23 0
4 8
3 27
27 23
20 23
15 22
20 4
9 20
21 23
2 22
34 25
23 6
5 34
12 35
5 27
12 30
27 18
40 30
4 26
14 25
8 32
6 30
38 16
12 18
0 16
1 36
0 24
2 8
19 14
2 26
0 17
16 27
35 15
18 1
3 35
26 13
26 34
5 23
9 17
2 10
33 3
5 35
30 9
4 8
25 9
35 25
26 12
13 22
29 34
23 32
30 8
7 17
2 12
1 13
31 3
25 6
33 19
38 1
24 6
27 35
2 13
20 16
29 1
4 24
27 39
13 35
5 30
39 19
31 12
9 34
37 36
1 29
16 40
33 40
7 19
36 11
34 15
27 22
19 31
5 31
18 1
36 9
0 16
1 14
27 35
12 22
39 1
39 40
36 40
6 14
36 19
9 12
5 32
31 38
37 36
29 17
40 26
28 40
2 30
13 29
26 25
13 24
28 11
25 12
31 39
7 9
8 22
16 1
12 14
40 10
4 18
9 30
6 10
32 36
25 23
21 9
36 7
40 8
32 24
20 25
25 30
36 35
13 12
38 25
28 37
37 32
15 7
21 17
15 16
1 38
39 13
35 5
14 4
40 26
24 15
21 20
30 33
17 15
22 14
13 31
21 37
11 40
11 29
3 10
27 18
6 35
32 10
34 31
36 19
17 13
40 37
2 35
16 19
16 32
33 32
22 15
28 35
16 0
23 19
12 11
37 18
5 30
28 0
21 23
21 40
36 21
36 39
15 13
17 33
4 11
24 28
28 13
22 4
13 4
25 27
18 22
4 23
13 32
26 34
17 6
33 12
27 31
12 3
5 32
37 10
4 20
38 33
36 20
37 8
26 23
36 3
6 1
29 20
36 14
15 12
22 8
26 11
0 39
16 5
32 12
17 36
35 15
28 30
37 26
40 24
11 37
28 17
39 16
37 34
32 12
7 15
22 33
26 22
33 2
29 26
16 6
22 10
23 11
1 21
40 3
4 10
40 32
27 40
9 24
35 2
38 1
18 19
37 5
2 31
7 31
17 26
39 38
23 11
1 3
10 4
8 22
3 1
9 5
11 35
40 13
32 3
33 12
1 39
16 32
7 8
8 33
7 8
33 30
20 34
36 32
38 5
14 2
6 23
7 19
19 9
35 12
14 27
26 15
27 1
8 35
9 17
29 16
25 21
8 6
14 5
39 13
10 12
16 18
37 25
38 15
34 32
29 9
20 14
24 7
15 33
3 24
11 32
2 38
15 12
4 29
17 4
2 29
16 20
6 14
4 3
31 0
37 19
9 19
33 34
28 9
28 31
35 0
24 37
40 39
10 5
30 29
9 34
17 27
13 24
2 17
29 33
17 28
11 27
6 5
22 36
16 11
26 11
13 11
9 12
10 20
18 40
8 29
33 28
16 5
11 18
24 1
13 3
29 26
30 37
32 13
32 9
24 19
20 39
31 30
10 0
11 30
1 21
19 34
8 37
0 19
16 26
23 29
29 11
15 20
8 33
40 17
18 21
38 16
11 29
29 13
1 18
14 22
39 9
33 35
11 13
37 34
1 28
7 18
7 15
26 0
16 5
20 37
4 39
9 35
27 22
36 6
38 19
5 8
11 1
19 25
14 18
20 18
7 27
36 14
3 24
16 22
29 37
20 33
35 30
27 23
13 24
29 11
2 36
21 14
38 2
39 11
20 18
31 27
5 27
2 8
12 19
32 0
17 12
35 13
1 23
36 16
6 24
27 8
22 10
22 19
12 22
32 34
0 23
22 7
11 24
17 23
4 9
23 21
21 19
34 24
1 29
40 9
15 29
17 37
39 1
17 10
25 8
5 25
33 27
34 3
10 11
26 17
20 10
38 2
31 32
26 32
22 25
0 39
15 20
35 13
23 13
25 7
22 30
35 14
16 28
20 29
39 5
5 20
18 4
24 8
38 9
2 20
37 4
18 11
26 15
27 8
28 11
16 11
3 12
28 19
40 7
9 0
14 16
20 32
21 6
2 20
17 6
40 13
10 20
27 37
37 15
6 24
28 24
38 31
36 25
12 36
32 21
36 5
40 17
40 22
23 1
1 0
9 3
15 19
23 3
17 19
20 26
4 8
9 1
39 5
26 10
2 19
34 40
27 35
18 26
16 3
29 19
3 38
22 20
18 6
26 36
27 5
23 32
13 32
35 14
39 23
26 2
3 19
1 30
13 22
15 31
25 5
10 30
2 32
9 23
0 37
20 27
2 20
17 34
15 33
35 40
19 37
2 38
0 33
13 22
9 3
8 15
15 38
19 7
8 1
7 5
21 36
9 23
16 28
17 31
21 13
32 40
9 34
39 11
28 13
35 38
17 2
14 32
40 33
0 8
35 9
15 5
24 39
21 11
17 13
34 30
6 35
0 1
34 12
30 8
6 29
25 9
2 19
10 35
21 18
31 33
33 6
38 18
4 20
32 23
35 25
12 0
20 12
1 15
26 33
23 33
21 10
3 25
31 13
22 11
34 12
5 28
18 2
6 24
24 38
6 18
24 20
20 3
33 22
20 18
16 3
12 38
15 24
5 31
5 18
24 18
24 11
38 28
19 22
12 16
30 32
0 10
12 5
4 36
26 24
11 31
37 10
5 13
35 12
3 1
30 29
19 13
0 17
1 21
0 15
38 32
6 40
1 20
4 7
15 32
32 29
22 30
0 29
2 35
0 8
37 31
37 17
5 39
36 8
20 38
25 19
30 34
18 33
13 22
0 31
16 32
19 38
21 19
29 25
16 29
33 14
21 32
31 29
30 29
39 9
26 24
30 15
17 7
8 32
32 8
22 7
1 2
6 24
24 35
8 1
26 3
15 8
35 7
37 26
36 38
38 24
21 27
39 40
35 8
31 26
18 13
35 21
17 2
4 0
38 15
1 25
18 33
14 26
32 40
23 29
37 6
11 24
7 10
18 17
2 5
36 17
1 16
35 3
23 37
2 38
0 27
17 18
22 31
5 15
30 31
5 27
39 16
12 5
28 32
25 30
39 20
9 40
38 3
2 20
1 7
19 1
36 22
17 26
29 34
18 21
39 4
20 16
18 27
5 9
11 38
7 31
6 8
31 11
10 12
19 30
16 15
25 40
34 13
30 28
31 11
28 37
31 6
14 19
13 25
31 12
32 23
18 40
13 31
11 26
5 33
17 23
7 3
22 0
16 13
30 8
24 20
4 16
26 20
36 0
4 26
13 38
10 33
39 24
24 12
11 31
4 28
13 11
31 37
13 9
11 3
17 36
25 22
13 10
1 8
12 8
36 25
5 8
18 4
32 3
16 4
36 20
32 8
33 24
6 5
33 17
10 12
14 35
36 28
6 37
38 19
4 36
5 12
3 25
16 37
28 32
0 23
13 34
33 5
17 0
10 12
20 23
26 34
19 21
21 26
19 21
6 24
16 13
38 19
39 13
17 28
4 17
13 17
10 7
24 29
8 36
2 28
18 28
21 38
8 4
25 28
25 33
13 2
5 10
21 3
25 38
34 31
16 6
7 28
13 33
18 21
28 21
10 6
10 34
5 21
38 30
10 24
24 25
26 29
37 8
35 21
7 30
11 23
36 20
12 10
12 30
34 40
12 3
7 25
37 12
5 36
3 17
19 29
1 6
18 38
14 20
23 3
31 5
0 12
19 10
26 9
3 25
23 9
35 7
7 8
14 3
14 31
24 2
34 31
22 33
6 36
12 30
0 4
35 0
18 16
13 3
25 16
29 9
27 25
19 35
33 38
6 26
21 11
19 13
33 14
20 29
26 9
29 33
5 32
10 21
4 14
7 22
4 17
9 29
36 5
23 30
2 32
17 25
2 37
39 35
10 20
23 38
29 14
32 34
7 2
17 11
18 24
35 22
2 5
12 40
10 35
30 14
26 6
40 28
4 40
23 16
21 7
16 9
23 7
4 32
11 21
2 29
7 40
10 9
4 22
9 15
19 0
29 4
8 30
35 15
31 19
33 11
26 10
22 11
18 27
2 31
9 7
20 16
6 32
26 12
16 37
27 35
37 18
39 6
9 35
23 0
13 16
13 1
26 36
12 5
22 16
37 31
23 18
9 31
9 35
3 25
31 32
21 29
11 22
37 21
16 20
