34
9 24
29 30
16 29
32 13
21 15
7 24
21 26
28 3
7 23
16 20
0 12
4 13
6 27
30 3
27 26
23 3
24 18
33 6
21 6
27 8
21 0
6 8
27 9
20 8
32 2
28 7
14 7
20 28
0 16
5 2
17 28
5 15
20 4
22 16
18 23
32 6
24 5
22 25
14 16
7 20
18 2
27 6
17 14
9 25
4 14
27 29
17 32
11 7
27 29
30 26
9 28
5 6
19 22
27 13
15 3
7 29
28 29
4 19
7 27
21 3
18 27
22 29
12 29
31 16
33 23
25 28
2 31
21 28
22 8
9 33
15 4
27 18
17 13
26 10
8 3
2 1
25 31
14 28
28 30
27 25
29 27
27 25
22 29
13 5
4 13
20 16
14 13
33 27
13 17
9 16
19 11
7 25
25 9
27 29
2 27
24 6
20 17
31 17
20 18
22 24
31 16
15 12
3 14
13 16
6 23
32 25
8 13
24 33
22 18
2 33
11 26
5 18
2 30
4 20
26 29
26 17
10 12
20 32
33 3
4 30
1 4
4 15
2 11
11 20
13 10
5 6
15 19
24 25
15 28
20 16
31 20
33 15
6 19
22 5
22 0
2 32
4 6
13 15
18 24
1 5
9 15
11 32
0 1
24 23
4 18
13 9
12 25
18 32
13 23
28 21
25 26
26 6
13 15
32 12
24 3
21 5
15 19
13 24
17 11
2 1
24 12
21 3
11 5
9 32
29 3
19 28
4 19
0 17
0 32
29 25
10 24
30 25
10 18
23 27
29 26
3 27
12 32
4 23
4 21
29 33
25 14
1 3
0 2
20 8
8 24
33 18
14 4
17 24
22 15
26 25
15 3
26 27
1 31
24 5
18 19
12 17
7 14
20 15
24 15
24 32
5 23
25 19
27 16
18 23
31 18
22 12
21 15
13 30
12 3
10 4
30 22
12 10
16 27
8 31
17 15
10 7
6 30
8 30
14 32
28 6
20 14
27 9
28 31
21 5
7 26
10 4
22 4
15 31
10 7
12 20
14 26
24 30
22 12
2 24
18 31
5 19
6 7
17 28
20 32
28 30
10 24
26 33
28 16
4 12
23 24
33 3
16 23
7 12
10 3
28 7
16 14
13 23
31 15
9 3
17 14
14 7
6 21
10 30
25 22
19 15
29 30
5 27
4 17
3 14
28 31
29 10
19 8
7 24
32 25
28 15
13 8
23 27
29 33
24 28
29 9
17 25
6 22
26 10
13 3
32 16
0 27
0 20
9 16
18 7
7 12
31 28
20 21
23 27
11 25
22 29
8 21
1 4
21 19
26 24
25 8
33 18
8 27
1 24
11 17
5 24
14 33
18 8
29 16
9 6
7 31
9 16
27 10
28 22
3 20
13 28
28 12
20 11
5 30
9 24
13 23
14 1
22 7
9 17
23 18
32 30
23 7
20 24
26 15
13 29
1 0
32 4
12 18
23 25
14 32
23 1
29 4
2 26
11 19
17 0
11 15
4 9
31 25
33 31
6 20
0 15
20 32
27 6
25 16
5 13
23 29
23 18
7 33
10 26
19 2
0 4
25 4
13 22
3 21
27 17
15 28
7 10
0 16
33 25
30 13
14 33
2 6
14 1
25 6
28 27
14 33
18 26
20 15
30 15
8 21
31 10
28 7
11 29
31 10
28 1
31 8
0 7
22 14
17 21
28 11
22 8
18 7
9 13
30 5
28 12
0 33
23 29
14 8
32 12
26 13
32 8
22 5
4 10
22 26
5 8
14 21
26 29
30 13
25 9
16 12
10 15
9 13
30 17
19 16
17 11
3 15
27 33
21 31
10 17
23 25
12 18
26 7
15 5
7 32
29 19
16 11
28 3
15 19
22 31
2 7
8 26
0 8
21 32
18 4
29 15
30 7
33 30
15 22
9 22
21 5
15 11
24 17
15 5
2 11
10 12
19 18
4 19
0 33
25 26
4 21
7 8
28 7
4 17
3 13
13 32
26 28
10 16
11 33
29 21
10 5
0 29
32 12
23 32
20 14
33 24
9 6
32 4
21 10
29 25
31 9
23 24
3 7
14 23
6 10
18 25
15 26
20 21
13 17
28 33
32 27
23 7
7 29
19 3
13 15
2 10
32 33
8 9
7 23
32 21
7 17
12 30
17 7
18 30
24 20
29 30
13 18
12 28
21 31
5 0
20 7
19 18
7 27
28 22
24 0
9 31
25 30
28 9
3 20
5 1
6 9
32 27
27 10
21 23
15 1
23 2
8 16
28 23
10 30
11 8
5 29
6 4
33 8
13 10
28 27
11 8
2 17
1 3
27 30
0 17
31 32
27 14
14 21
3 32
26 23
7 31
26 21
1 25
3 23
1 5
24 20
13 0
4 22
11 5
18 12
22 24
10 23
12 32
11 15
31 3
12 8
4 33
9 3
2 6
4 7
30 33
28 30
3 16
8 16
8 28
5 6
12 28
18 10
13 8
7 24
20 19
32 33
26 16
2 28
30 15
9 27
14 3
31 25
27 13
7 2
7 20
8 19
23 27
30 2
9 11
1 29
5 7
2 31
23 5
0 28
28 17
21 8
29 26
33 22
6 14
24 13
1 7
7 24
8 11
26 17
30 1
20 1
9 23
7 6
2 15
0 30
32 29
12 27
22 19
16 28
33 14
15 0
21 30
24 29
7 25
12 4
0 33
13 9
30 28
24 32
9 24
28 16
20 14
17 8
33 7
10 32
30 25
7 17
22 5
21 3
4 7
15 5
14 3
14 10
31 12
8 15
3 10
5 31
24 22
13 31
4 23
30 0
22 11
17 18
16 12
22 21
20 3
26 0
6 14
19 12
27 1
27 4
12 6
1 10
28 22
8 32
11 12
6 7
23 24
26 13
10 22
8 30
33 8
5 14
23 24
26 24
33 27
2 19
33 11
30 1
33 12
0 18
24 6
25 21
4 25
8 15
13 17
19 13
25 32
27 22
30 27
20 30
20 22
15 19
33 19
20 6
31 28
24 29
9 24
16 21
15 33
10 3
16 4
16 15
2 17
4 33
10 24
3 4
21 18
31 28
4 25
1 9
20 33
5 3
23 29
32 13
28 9
16 10
13 6
26 23
31 4
30 7
2 33
19 23
26 16
26 30
7 1
5 1
0 18
4 32
14 11
11 8
20 1
27 7
7 19
4 31
1 19
33 0
4 31
26 20
23 30
1 24
10 3
32 28
15 30
8 26
7 25
20 8
18 1
23 11
6 1
8 15
20 15
23 32
12 24
26 9
20 28
7 4
5 6
33 20
10 15
21 18
6 7
0 32
9 32
9 23
33 25
4 28
7 1
26 27
25 27
11 20
29 18
24 0
32 31
28 9
21 15
1 23
9 0
6 7
9 3
7 9
15 1
16 1
17 8
2 28
2 31
13 26
5 19
32 0
2 19
15 3
20 12
13 28
26 20
4 29
1 21
18 2
3 1
12 20
17 14
23 19
20 2
19 25
29 17
33 32
10 23
1 31
9 22
25 2
9 3
5 18
32 24
29 1
33 7
30 24
29 19
17 23
29 2
23 24
28 22
30 4
11 6
9 21
28 9
31 11
20 10
30 19
0 25
28 7
6 24
31 9
17 14
33 20
25 22
19 10
15 31
30 21
7 25
16 22
1 10
6 31
29 15
30 24
22 2
22 28
12 6
16 19
0 7
7 19
0 25
1 32
21 30
13 20
20 29
16 22
5 23
27 9
4 24
33 26
0 29
28 12
1 11
31 10
26 12
29 1
4 33
33 9
12 20
29 15
10 17
28 33
11 3
3 9
10 4
9 6
6 22
15 17
27 25
18 14
29 19
26 7
26 33
16 12
19 12
27 4
3 29
3 22
7 15
31 17
19 7
31 33
3 13
17 4
12 9
26 7
2 18
15 28
18 31
14 11
17 15
15 21
10 27
17 8
15 9
1 30
6 0
7 19
25 11
6 8
4 13
10 30
2 12
14 8
26 0
33 7
15 28
26 8
12 9
24 1
18 33
31 33
0 4
26 33
23 32
8 27
20 26
32 30
5 12
12 5
12 21
2 6
13 18
18 30
17 27
23 16
24 22
24 2
14 24
26 21
6 27
7 32
25 11
11 12
24 25
24 2
12 0
16 25
19 9
21 2
2 10
26 27
6 17
3 21
7 29
16 13
31 19
22 8
5 0
32 30
33 8
16 33
25 7
26 0
2 21
29 3
27 12
7 22
27 10
12 14
7 9
33 4
18 12
4 24
16 11
7 32
19 32
5 11
6 16
22 16
11 17
20 4
3 1
1 30
19 13
10 27
23 17
31 15
4 9
13 20
21 20
19 6
26 32
25 32
22 21
23 33
12 9
12 15
18 13
19 3
0 3
4 31
29 9
20 33
27 0
19 14
28 12
28 29
11 27
1 33
15 24
33 27
7 11
17 25
32 2
3 32
14 15
30 9
25 16
8 18
24 1
6 27
14 8
22 33
1 23
32 24
14 5
18 21
24 9
21 22
19 32
29 33
13 25
8 12
15 24
30 14
26 10
7 14
18 29
13 20
26 19
10 6
25 2
2 15
19 31
