36
13 29
7 24
35 32
20 23
10 14
8 19
26 31
0 1
21 16
31 27
11 31
29 20
12 27
13 26
35 25
12 9
12 0
8 9
0 11
19 30
20 2
20 15
2 16
34 13
23 25
8 16
10 0
24 23
7 23
3 32
35 28
8 15
16 17
16 7
16 10
27 34
31 22
0 13
19 14
26 6
4 14
23 14
14 11
17 21
14 0
33 13
28 6
28 8
23 8
32 20
35 3
18 10
26 35
23 25
13 11
33 27
14 27
21 25
9 7
3 9
4 32
18 26
5 6
30 29
2 14
28 6
32 2
12 31
25 17
25 18
28 22
9 7
14 31
12 3
18 32
28 2
28 10
9 33
33 3
27 35
33 35
21 9
2 33
21 7
14 10
26 23
12 15
30 26
26 6
9 24
18 2
7 11
28 16
24 25
35 31
25 32
31 26
5 33
24 26
20 18
16 10
21 29
6 15
35 32
2 9
21 20
27 8
11 19
24 0
9 3
31 14
35 6
4 20
3 8
11 24
7 14
28 0
20 24
0 33
6 25
34 26
16 6
18 15
10 18
4 13
29 34
28 0
19 12
19 7
3 23
14 11
18 23
11 18
27 15
33 32
29 3
12 35
21 8
25 19
12 2
29 27
10 29
10 23
28 17
6 32
12 17
14 15
9 32
6 16
28 3
13 21
6 5
1 28
13 26
27 6
9 20
33 19
13 23
22 4
29 18
32 26
32 11
35 8
17 32
0 20
9 2
7 14
3 15
8 29
6 30
18 27
7 2
20 30
24 6
14 33
4 11
24 16
22 23
5 4
35 5
4 8
23 11
3 26
6 27
0 13
1 18
4 8
20 4
18 25
27 32
22 31
23 26
28 10
30 33
30 29
18 34
2 6
26 21
12 32
12 25
13 11
9 1
11 14
19 0
21 31
3 16
19 29
24 9
23 1
3 17
20 17
35 6
23 20
34 0
12 27
25 5
2 35
6 13
29 5
30 14
16 33
10 15
6 35
4 10
16 23
27 16
5 6
22 8
26 21
8 18
28 14
23 30
29 9
7 22
14 17
0 10
30 26
26 1
5 30
11 22
34 18
2 19
4 5
27 30
26 16
12 18
30 15
28 23
24 15
9 2
33 25
28 27
15 34
8 1
9 35
23 7
17 25
26 1
30 17
31 0
13 23
34 7
18 26
10 6
6 35
24 19
24 17
10 20
15 19
21 4
18 24
11 16
13 1
17 24
35 29
24 12
32 3
0 15
9 10
1 31
10 26
14 23
5 34
18 24
35 23
22 3
34 18
17 16
16 21
15 25
25 7
1 28
7 16
2 18
34 13
28 24
28 22
27 33
1 9
1 0
32 3
20 11
22 1
27 2
2 6
7 27
29 8
20 1
5 2
35 3
31 7
7 23
29 34
0 30
23 17
11 20
21 31
31 7
12 2
25 14
8 32
5 1
20 5
18 25
23 17
8 19
24 15
22 18
29 23
12 17
4 3
17 25
34 28
12 10
30 17
24 18
29 10
35 14
15 18
3 35
12 2
4 7
24 22
1 11
14 34
32 18
15 21
32 7
14 23
1 31
11 19
25 1
34 19
17 16
2 0
32 30
2 0
2 26
2 19
18 32
17 14
30 32
15 27
19 29
14 20
5 19
30 7
17 29
4 14
31 20
10 26
22 26
8 28
8 27
10 4
8 24
15 20
20 22
3 13
0 3
18 21
2 28
8 35
1 28
13 33
12 3
3 14
9 11
23 17
2 33
22 26
2 17
26 22
3 29
15 19
12 14
4 14
6 29
29 8
1 7
21 30
26 24
8 0
35 11
17 9
19 23
27 0
13 29
3 22
8 2
34 22
23 28
9 16
21 33
33 8
34 27
35 22
16 35
1 27
32 34
16 32
21 7
12 34
16 20
5 34
34 7
21 26
16 1
27 29
15 0
7 6
15 29
22 30
10 30
26 8
10 22
9 34
35 23
14 31
7 35
29 21
7 31
27 23
12 19
33 27
19 4
34 14
0 28
4 10
34 29
21 1
2 35
16 26
29 27
13 29
0 15
0 31
6 3
8 25
16 35
24 1
13 22
15 30
30 35
4 9
28 5
26 11
4 6
1 34
13 30
7 13
9 7
25 16
26 33
5 7
12 30
8 6
32 23
0 7
2 4
32 31
10 22
6 30
8 23
8 21
17 15
14 7
22 3
23 13
16 8
0 29
18 8
15 31
11 15
2 13
35 34
24 9
0 30
4 8
33 28
29 15
8 7
2 10
27 5
3 7
13 3
16 12
11 31
7 2
26 25
16 26
3 20
15 3
15 19
11 12
28 20
7 0
7 25
10 34
30 14
22 24
33 2
0 25
14 7
27 4
12 23
30 15
8 10
18 3
9 15
1 29
3 17
0 28
28 35
23 22
1 11
19 3
27 24
33 14
16 2
26 19
12 5
27 2
3 30
12 26
29 21
9 11
21 17
19 0
4 21
1 31
20 21
2 9
18 16
25 20
22 24
13 7
16 15
10 26
7 2
16 17
23 5
8 25
23 27
25 7
28 7
19 12
28 21
21 10
18 26
11 4
15 24
12 11
19 2
1 27
21 34
8 3
32 33
26 3
3 14
31 10
33 7
18 9
28 16
35 19
21 30
23 13
5 7
15 23
14 0
21 2
25 4
34 2
11 1
21 25
32 11
22 19
29 20
28 2
1 8
21 2
2 25
15 24
32 30
11 26
11 12
28 0
16 26
18 27
7 4
16 19
15 18
2 9
19 11
11 0
19 12
2 1
1 17
5 13
27 16
3 2
8 11
18 25
17 1
16 24
21 13
7 0
11 26
25 30
1 16
30 0
9 32
17 10
29 23
4 21
19 23
3 28
35 2
33 16
19 29
5 4
6 28
20 34
34 10
28 15
26 3
31 35
15 13
26 9
0 10
10 35
33 13
7 32
15 4
13 34
34 2
20 6
23 18
5 13
27 0
19 30
32 19
9 25
34 25
35 8
24 12
22 32
25 1
16 2
16 14
16 34
35 2
1 33
23 14
24 34
18 20
33 8
9 2
6 34
17 15
2 29
17 14
18 31
0 14
25 32
13 4
35 14
2 22
9 26
10 23
25 10
20 33
19 22
3 33
19 34
16 12
15 10
11 14
5 27
28 11
24 21
15 3
16 17
25 24
16 28
13 6
12 26
6 14
29 3
13 8
35 5
23 10
16 1
31 8
10 6
12 11
2 15
27 35
20 32
23 0
24 16
7 16
6 29
10 16
32 23
24 12
29 27
22 9
9 17
33 19
4 25
10 6
4 2
5 14
9 5
19 5
28 35
12 21
10 8
34 33
32 26
6 3
12 16
12 9
29 11
29 35
22 35
19 4
21 24
18 10
10 1
15 18
17 7
20 27
15 18
4 27
24 11
31 0
7 25
16 19
19 15
21 34
35 25
35 3
7 9
13 25
5 32
6 12
16 13
28 14
33 19
2 24
14 18
11 2
7 28
21 6
23 6
5 2
11 4
6 18
14 19
23 19
15 9
11 22
3 25
0 3
7 24
33 25
0 35
13 8
0 19
31 22
24 34
33 29
4 32
23 3
19 22
35 29
33 10
31 17
16 11
20 23
0 33
13 16
33 26
24 33
9 35
0 14
33 7
17 29
10 21
29 32
20 2
9 10
33 26
26 9
26 14
25 24
7 21
1 13
25 14
2 24
14 16
2 12
3 19
21 13
20 14
9 4
16 35
15 30
25 21
19 32
35 8
20 22
9 21
35 34
35 2
2 14
18 20
6 22
20 27
15 4
6 5
25 22
4 20
16 29
5 35
25 21
23 25
23 12
26 23
26 5
9 20
23 29
6 25
13 33
5 34
19 10
3 22
14 3
18 23
24 34
29 25
1 18
13 14
9 0
4 15
5 13
15 8
23 21
14 16
34 19
14 18
9 33
4 3
0 2
26 25
0 35
14 2
18 27
16 7
7 0
2 12
30 33
1 17
18 15
33 32
14 28
30 23
25 14
6 17
12 31
17 12
25 19
10 33
15 17
4 32
35 33
26 32
14 7
30 29
20 26
7 28
21 10
18 15
16 4
32 28
35 30
4 13
14 17
9 11
22 5
26 35
11 22
13 18
32 6
18 23
29 11
24 3
9 3
19 13
16 11
28 10
32 3
10 14
12 2
16 33
28 31
8 31
24 6
27 10
5 30
3 16
18 6
5 2
25 18
18 16
26 8
12 22
11 3
16 4
5 12
17 13
23 26
8 11
12 0
21 17
30 24
13 29
10 34
11 15
16 9
32 6
17 24
9 8
27 5
12 34
30 26
21 0
14 13
28 30
34 10
5 3
3 34
13 2
25 29
34 5
21 15
29 10
23 1
31 16
29 10
35 31
26 14
8 18
8 22
8 29
25 28
27 19
30 16
28 8
30 33
9 25
6 19
13 23
31 9
17 24
35 16
35 25
10 23
7 35
10 32
28 15
24 0
14 34
16 6
6 27
19 32
16 6
15 29
29 26
18 10
31 17
7 30
6 17
34 30
32 8
26 25
3 14
25 18
12 21
4 34
12 24
30 29
30 26
2 23
16 21
14 11
2 1
22 25
34 20
35 31
8 25
20 27
19 25
9 11
10 30
9 3
18 20
32 28
10 14
15 6
35 9
34 18
26 20
23 25
20 22
0 28
27 0
19 10
25 9
21 15
3 10
18 1
30 14
29 20
9 24
27 8
14 5
6 4
25 29
9 31
9 17
22 9
16 32
14 25
33 30
8 12
9 2
7 18
23 16
7 30
4 21
15 27
5 4
0 15
29 32
4 26
34 14
6 11
8 12
8 2
20 16
31 10
35 18
8 2
14 15
32 34
16 11
5 22
31 6
17 4
18 21
30 16
15 16
27 24
28 16
6 29
32 1
19 31
35 27
33 13
23 9
28 19
0 33
21 31
3 2
15 1
24 25
34 3
6 25
27 14
5 34
23 18
15 6
13 15
14 27
8 17
0 1
34 22
12 17
4 8
19 28
33 17
12 19
22 19
34 8
33 1
26 13
24 19
8 2
10 16
35 27
33 15
8 31
17 0
28 22
8 11
30 22
8 6
5 11
26 19
19 23
21 25
16 9
8 24
27 35
21 26
6 18
5 14
29 3
30 21
25 3
13 19
25 1
26 10
12 32
30 31
35 15
20 16
4 9
4 31
8 5
21 30
