39
21 2
32 3
19 15
28 24
16 7
37 33
36 5
29 35
25 13
26 12
38 11
6 17
32 15
3 9
25 26
31 16
20 34
24 12
14 9
28 21
7 23
7 1
2 3
16 4
18 28
3 29
23 9
22 38
1 32
13 28
13 18
37 8
4 22
10 18
31 27
28 11
36 29
2 0
6 19
23 37
37 7
7 21
34 37
3 36
26 5
16 24
13 9
35 12
27 1
16 1
13 35
4 3
2 38
11 15
26 9
22 19
7 20
11 32
7 16
9 20
19 7
16 31
34 33
32 1
38 34
3 34
27 34
26 15
6 2
2 5
13 25
13 9
34 25
3 2
1 12
21 9
18 3
4 12
24 33
0 8
26 24
35 21
11 1
17 2
31 22
4 6
24 14
2 10
17 33
2 7
6 12
16 13
15 10
14 1
4 15
9 30
0 34
2 0
24 19
2 16
30 6
23 15
9 14
15 8
17 23
14 18
0 17
34 10
31 24
4 35
22 23
35 6
25 35
19 5
26 25
24 22
37 29
31 12
5 8
20 22
31 23
29 20
1 24
31 22
37 24
18 10
8 15
5 34
0 25
28 16
11 3
38 37
32 30
10 37
27 19
9 19
3 38
1 33
13 21
16 0
6 23
10 14
27 16
37 28
30 16
5 30
19 4
28 12
23 27
10 12
7 8
20 10
7 10
32 20
31 37
21 26
22 20
2 10
25 28
27 5
5 32
35 24
25 13
25 38
1 24
11 36
32 20
8 1
31 29
10 12
28 20
0 11
2 30
21 16
19 10
22 14
31 7
38 7
21 14
6 11
38 6
9 32
26 6
33 7
35 32
20 24
14 20
35 5
11 7
21 19
6 4
33 37
12 22
5 22
36 0
33 35
6 31
17 22
37 11
29 34
33 38
8 33
13 8
1 23
28 7
28 11
33 29
33 28
12 19
28 34
5 24
27 22
35 14
23 14
9 17
14 7
14 22
1 16
20 2
0 9
37 28
20 7
4 9
8 12
27 4
17 1
20 29
36 34
13 0
33 19
14 1
33 26
30 10
7 32
10 5
19 28
14 0
35 18
10 5
20 26
37 27
7 27
13 30
29 13
13 9
17 3
31 4
33 30
0 15
2 5
34 19
19 24
15 27
23 9
36 10
35 23
26 31
12 0
23 30
2 25
29 19
29 21
12 23
13 1
0 4
6 23
23 15
8 27
31 26
28 30
11 12
17 4
13 6
16 33
9 2
23 17
31 33
19 5
35 20
33 0
27 17
12 31
15 29
12 35
16 29
27 30
33 20
33 1
36 27
38 28
0 16
20 22
35 14
19 6
8 22
26 10
14 30
0 15
26 16
5 3
32 35
37 3
18 38
0 6
37 17
34 3
38 18
28 13
37 34
22 34
17 37
5 20
17 5
35 4
10 29
36 32
14 34
35 33
33 24
0 20
3 24
12 30
3 29
32 1
13 4
24 30
30 0
8 35
24 2
35 14
38 28
18 33
13 12
16 37
1 36
29 25
37 20
28 14
18 2
18 4
22 10
23 11
7 19
36 9
4 0
36 32
18 30
6 19
7 33
21 32
23 35
20 5
25 9
8 32
0 15
25 22
14 9
23 22
18 9
20 22
9 18
5 17
37 0
25 34
33 7
27 18
32 36
12 7
34 9
0 35
24 15
7 0
24 30
22 31
0 31
4 38
10 37
5 9
37 30
4 21
27 20
28 20
18 1
27 13
10 16
37 23
31 6
23 6
25 34
26 15
27 30
14 37
28 8
35 16
38 0
37 15
10 26
35 28
16 23
30 15
29 18
38 21
24 12
27 38
7 15
