23
10 22
8 21
21 3
9 12
6 2
9 0
16 15
6 9
0 5
2 20
19 17
0 5
21 7
6 10
18 4
6 5
3 14
21 18
12 7
8 18
3 11
12 13
21 18
22 15
0 18
12 13
12 6
12 5
8 12
15 3
17 16
2 20
1 17
10 7
1 12
2 22
17 8
6 15
4 6
7 21
18 14
6 2
14 18
7 16
8 16
13 19
9 16
16 11
10 20
18 6
9 15
22 4
0 22
13 21
5 15
20 18
0 20
20 8
9 4
2 17
14 15
13 1
2 1
6 7
15 18
7 19
4 0
17 22
22 7
20 22
16 11
17 16
8 19
18 6
21 6
20 7
14 15
10 9
15 11
18 11
18 14
9 18
2 8
11 4
0 10
20 11
4 8
14 12
4 3
18 19
3 10
3 17
2 13
20 18
1 10
0 13
1 9
2 21
18 14
2 12
1 22
0 1
8 6
22 11
19 18
9 6
22 20
8 6
18 20
2 5
20 15
0 1
18 21
19 9
17 2
4 11
2 4
12 5
11 12
10 7
1 19
13 0
17 15
1 6
13 3
5 4
12 22
5 7
15 18
10 9
20 15
20 17
19 4
22 1
16 3
8 11
0 15
12 11
8 13
17 15
10 22
13 22
21 19
7 13
14 11
17 6
3 14
0 17
18 16
18 5
19 21
17 13
13 0
1 15
7 18
1 17
11 15
10 11
11 17
19 0
11 2
20 19
8 9
12 21
9 3
19 20
16 3
14 18
19 21
7 20
9 19
12 19
0 17
8 11
14 2
0 10
22 14
7 8
0 13
6 3
16 19
0 10
22 14
22 12
6 4
15 19
10 6
19 22
14 8
7 16
2 17
9 10
18 17
4 9
17 8
19 7
2 6
1 17
22 7
17 0
5 10
19 16
16 10
9 1
12 16
11 14
10 20
1 0
9 5
9 3
7 5
5 10
6 21
22 7
15 22
13 2
13 0
12 0
9 7
12 2
18 20
6 16
15 6
2 14
9 22
22 15
21 9
15 21
7 14
6 22
14 19
19 4
19 2
21 22
10 4
1 22
18 1
15 10
8 11
1 17
5 0
3 18
2 10
10 8
4 18
21 17
16 11
19 14
10 0
12 11
0 7
6 9
17 14
15 12
3 20
13 6
17 10
19 21
6 21
19 18
19 13
11 7
3 19
11 4
8 16
21 9
0 1
20 8
16 9
11 7
16 12
2 4
8 21
19 8
14 15
3 10
5 14
12 2
4 0
0 12
17 15
21 17
17 18
2 4
21 8
12 15
14 8
13 22
0 9
1 14
1 21
19 0
6 2
2 10
2 20
16 13
12 14
1 6
3 21
5 18
6 11
10 20
19 0
13 19
3 8
5 4
6 18
21 12
20 18
22 16
15 7
4 0
8 5
20 0
10 15
6 21
20 17
14 4
7 18
12 6
16 18
1 15
7 21
4 0
15 19
15 22
0 9
1 5
0 2
15 16
2 13
7 17
1 15
21 9
4 11
15 21
6 11
7 8
9 11
8 1
7 18
17 1
4 13
1 5
15 16
15 11
1 16
5 19
8 4
22 7
15 9
5 15
20 6
0 6
17 9
2 18
21 19
19 2
9 14
1 18
2 10
1 3
20 6
16 0
4 16
7 13
2 12
6 22
12 0
5 6
3 7
18 1
21 8
4 1
0 22
14 2
4 9
5 1
15 1
14 8
8 4
10 14
4 9
3 5
9 3
2 10
21 4
2 7
2 21
7 1
12 9
5 21
8 1
7 0
2 15
9 11
14 13
19 18
17 0
17 20
20 7
19 18
4 3
20 2
4 15
14 7
15 6
15 16
7 9
18 0
18 0
14 3
14 3
20 8
15 17
5 6
18 1
1 16
21 18
19 13
3 5
9 18
15 11
5 11
11 17
5 19
14 19
16 11
4 8
22 10
8 12
5 9
5 21
1 18
17 15
21 14
2 16
1 13
15 12
18 4
11 14
18 2
1 0
10 17
4 18
0 10
22 0
8 0
18 19
9 16
17 18
18 5
19 8
14 2
20 18
13 11
8 9
13 3
10 17
20 14
6 15
18 22
15 20
0 10
17 9
3 5
21 16
10 17
1 19
19 22
14 4
4 16
7 11
19 17
22 11
3 0
3 15
22 18
13 22
5 1
3 2
6 1
18 11
13 14
7 9
7 15
7 11
3 15
17 22
3 10
4 6
10 7
22 10
19 6
3 1
1 0
21 7
2 16
12 9
7 13
12 8
6 20
14 3
6 8
2 9
12 1
10 0
8 3
4 5
3 1
0 4
2 15
