36
35 8
29 5
24 22
0 4
29 2
20 17
23 15
14 10
21 10
14 7
28 18
11 16
6 2
24 17
12 22
5 27
11 14
13 35
0 13
20 29
31 20
11 18
35 5
8 20
31 3
7 23
21 18
19 8
0 8
25 28
10 20
21 24
13 1
4 26
21 14
1 21
5 35
20 10
7 20
21 10
27 8
12 25
7 20
25 15
25 17
6 35
17 27
3 30
28 23
0 29
1 14
22 16
34 12
4 34
33 30
25 21
6 14
29 6
3 24
31 1
30 10
34 22
29 30
17 9
24 34
27 18
1 7
17 13
11 15
11 22
21 12
28 15
5 35
19 10
10 0
4 21
34 6
30 7
17 11
17 5
26 8
3 27
31 20
20 23
16 11
9 17
24 17
32 29
16 31
19 7
31 24
28 10
10 22
17 27
14 12
20 2
16 27
14 16
11 1
12 23
26 9
11 7
6 20
4 17
4 11
29 8
3 18
5 0
26 35
15 18
19 33
14 10
11 2
12 23
25 2
33 0
10 19
0 30
0 20
5 29
28 24
12 27
29 13
17 9
8 15
28 5
30 19
17 5
21 9
8 10
12 21
26 2
4 6
32 21
27 1
30 19
25 7
10 34
0 7
7 8
23 16
13 33
15 10
2 0
20 10
26 32
12 32
14 16
18 26
17 9
7 12
9 12
19 35
10 19
23 34
7 10
30 20
23 9
31 5
25 31
31 7
7 27
21 24
25 11
5 35
18 17
24 30
16 23
20 15
10 34
22 0
8 23
23 17
34 28
22 29
24 17
0 11
24 1
35 14
12 21
29 10
18 17
20 15
4 20
30 31
35 17
31 7
20 35
25 18
7 27
11 31
9 27
7 33
28 22
27 20
23 20
10 6
1 10
1 22
10 31
17 9
28 17
12 27
22 10
35 13
1 10
2 28
33 16
0 7
0 23
8 10
9 25
0 10
11 6
8 20
14 1
17 7
28 19
17 7
33 19
18 15
27 15
31 8
15 19
8 19
27 19
28 16
19 3
28 30
25 16
31 19
17 12
26 12
24 33
9 23
15 4
30 11
0 2
6 19
11 25
26 10
34 6
9 17
14 20
22 31
15 5
28 7
12 18
19 0
32 8
3 27
13 33
2 29
16 25
28 27
30 18
1 28
24 26
25 19
10 11
14 25
33 22
13 9
5 32
25 1
21 28
28 34
5 11
27 21
16 35
28 10
17 9
3 5
0 28
4 10
20 34
0 17
21 29
26 6
25 31
23 10
3 15
24 8
6 31
10 22
30 2
33 11
12 16
33 28
24 1
2 24
16 18
5 1
11 7
17 6
30 7
9 25
12 34
12 7
8 34
18 26
11 9
18 7
22 10
12 4
13 0
20 11
22 21
3 33
8 20
20 2
7 29
7 19
7 19
27 31
34 25
22 25
34 20
33 21
31 25
25 24
25 9
35 27
10 18
25 18
2 9
0 10
18 7
29 6
27 0
1 5
5 3
30 4
24 27
5 19
32 10
23 2
35 2
29 9
21 34
7 3
7 13
6 30
23 12
1 3
13 6
9 33
1 29
21 8
34 20
5 24
7 23
25 16
12 10
15 19
14 22
6 7
8 0
10 20
2 14
14 8
3 11
25 32
12 34
10 32
19 34
19 6
21 24
22 33
15 1
32 29
4 2
16 12
2 27
13 20
21 7
9 24
34 14
20 10
28 30
22 11
8 21
17 29
9 20
6 24
1 2
33 5
4 30
34 22
1 27
23 22
34 12
26 12
26 2
19 20
24 30
28 25
28 1
14 28
7 19
29 9
32 35
29 26
13 31
27 4
34 29
18 10
19 30
1 25
32 20
9 0
30 17
25 2
34 19
30 5
2 24
30 35
3 5
16 35
13 0
33 6
18 24
6 12
25 31
24 9
21 24
19 18
29 22
17 12
16 2
31 20
13 30
3 16
35 31
28 35
9 35
33 21
25 22
32 13
11 33
17 30
16 10
16 13
3 33
15 34
33 28
8 1
25 23
0 20
16 0
29 31
33 26
32 23
28 16
3 26
34 22
24 30
35 27
7 30
5 3
29 6
28 33
22 12
13 2
22 24
0 28
20 3
21 28
35 4
34 33
2 0
2 33
15 29
20 10
15 25
29 24
11 21
21 34
13 34
0 15
2 16
8 2
35 9
31 35
13 9
12 16
10 14
29 25
24 29
15 19
19 8
7 10
9 29
8 3
7 25
18 10
5 26
12 21
35 23
0 29
33 12
25 23
7 34
28 11
27 8
30 10
32 17
21 6
26 9
25 34
34 7
24 20
14 16
5 29
20 5
22 17
33 11
20 4
9 12
31 1
20 5
27 33
23 28
19 13
2 8
27 16
15 16
9 32
21 3
16 6
5 13
4 17
13 24
6 25
0 23
26 5
15 23
8 23
22 2
5 30
29 22
25 2
35 21
4 18
17 26
23 10
10 20
23 15
7 28
15 30
34 0
9 1
9 33
23 11
2 17
20 4
7 9
23 22
10 7
4 7
33 7
17 8
28 20
3 35
29 18
9 27
34 19
9 7
32 34
14 30
35 1
8 22
3 35
9 7
6 14
4 30
22 4
33 1
33 31
11 5
30 10
14 17
22 26
32 16
20 31
15 1
19 17
4 18
26 11
25 13
6 29
23 8
13 1
26 11
32 1
32 6
27 10
24 13
0 29
1 31
25 2
14 6
7 33
33 34
2 26
20 11
13 9
24 14
35 15
27 16
11 33
7 1
1 0
18 17
9 19
12 34
21 7
5 8
4 18
7 22
8 7
33 1
16 1
16 31
17 23
11 28
0 34
10 18
14 28
35 24
11 12
22 12
19 7
21 3
25 8
5 13
15 2
15 12
3 11
7 0
34 35
29 34
33 19
16 12
11 16
0 22
8 2
14 7
10 35
26 15
23 31
29 19
13 24
31 32
35 2
33 13
1 6
11 15
25 8
7 0
4 23
2 28
25 16
35 15
32 5
31 35
0 4
18 29
28 13
25 7
32 2
20 13
8 11
8 13
19 15
29 3
2 31
31 8
28 10
23 4
15 34
3 31
2 24
10 31
30 17
7 32
17 21
21 9
9 34
28 25
8 12
7 19
7 15
11 18
3 31
13 1
15 9
20 17
13 30
28 7
28 0
20 25
1 21
34 10
35 7
35 7
19 7
27 26
22 18
24 5
14 2
7 9
27 6
4 1
34 28
29 14
28 19
15 13
33 26
12 4
25 0
23 12
27 30
15 25
34 0
3 0
23 28
27 30
34 12
32 13
4 5
27 12
4 7
25 2
33 17
6 2
17 10
31 24
20 26
14 18
26 33
19 14
6 26
8 4
2 4
33 22
26 5
34 30
28 3
32 25
1 19
7 34
9 18
23 29
8 17
11 35
14 10
13 20
1 5
19 22
18 22
12 23
0 6
15 4
19 20
5 2
8 3
27 26
6 20
15 23
11 30
18 22
23 18
3 24
3 2
10 2
24 22
5 25
9 21
9 28
21 14
10 9
33 1
16 4
1 31
7 12
25 5
34 12
24 17
16 7
20 27
9 24
29 15
13 2
16 2
10 17
32 20
27 30
1 23
14 2
34 1
15 23
7 29
15 11
11 31
18 11
2 28
35 32
23 29
14 3
31 25
0 28
25 27
2 27
30 32
29 28
33 24
31 4
18 10
15 9
22 14
0 24
6 35
0 9
8 31
12 20
20 12
28 25
20 30
16 14
6 26
23 3
30 18
24 12
29 19
1 31
33 1
35 19
17 0
28 5
11 20
25 11
33 17
0 33
27 33
27 33
23 14
17 33
33 5
26 6
24 27
1 22
9 0
5 6
16 34
11 7
34 1
18 31
34 19
8 6
32 0
3 35
30 20
32 7
5 22
13 30
14 30
32 3
11 17
25 27
31 0
15 30
17 33
25 32
32 14
2 28
30 5
27 24
6 24
12 11
10 25
21 4
20 33
23 11
15 12
18 10
13 33
4 10
31 10
6 27
24 20
34 10
27 2
16 15
14 7
26 20
9 10
20 6
34 31
21 10
13 32
3 11
16 30
6 26
16 13
14 5
13 28
15 5
31 20
9 18
26 29
7 1
13 14
15 8
15 5
2 27
25 13
8 19
35 34
35 12
29 20
26 21
35 31
16 10
31 6
29 22
15 16
3 29
30 34
17 26
3 19
17 8
12 25
7 11
24 23
24 33
7 30
18 7
5 15
17 0
21 26
22 16
7 5
9 17
3 7
7 23
6 25
31 19
30 19
10 34
6 14
31 13
8 30
20 13
9 18
14 10
8 16
26 15
2 16
13 5
3 20
8 9
25 20
8 0
3 19
34 9
33 10
2 22
4 23
35 29
5 29
3 29
26 9
25 28
25 2
13 8
2 22
18 8
6 8
25 22
34 3
32 0
25 16
3 24
9 24
34 28
18 24
2 7
16 7
9 29
16 27
31 14
35 1
20 7
6 26
10 4
29 22
21 18
3 4
22 28
29 20
21 27
24 3
34 4
26 23
14 22
14 25
16 14
7 1
1 13
7 27
34 0
14 19
18 33
3 20
25 32
5 26
23 29
9 1
14 0
24 8
2 19
33 19
33 4
0 14
18 7
6 32
23 0
15 21
33 34
5 22
11 10
13 34
20 22
16 14
2 4
22 5
23 35
4 0
20 4
31 18
27 17
14 17
29 35
14 7
20 16
18 11
29 33
31 32
13 9
14 33
11 35
1 10
3 17
30 23
12 30
29 6
24 10
35 23
4 23
24 21
5 35
30 2
30 26
15 19
21 29
10 20
30 0
4 11
11 27
24 23
22 33
30 26
8 9
30 12
12 18
13 18
17 8
20 27
34 16
10 19
9 0
20 3
0 24
30 11
31 18
15 33
16 25
24 4
14 18
32 27
0 10
9 17
18 9
8 32
5 34
32 14
34 16
33 14
20 28
26 15
26 5
13 22
30 1
6 8
19 3
35 19
29 24
16 27
14 4
23 19
2 35
14 16
31 27
30 15
35 0
31 26
5 8
28 15
25 35
4 8
18 19
27 11
8 23
18 2
27 21
21 9
21 15
5 16
7 15
12 6
16 23
12 1
31 21
17 20
20 21
8 18
4 15
9 28
2 27
10 29
12 32
18 33
11 23
30 34
2 22
21 34
9 13
0 20
34 17
20 34
18 28
16 2
7 5
11 25
32 21
18 9
33 16
22 25
3 32
23 21
18 24
20 7
2 20
27 0
17 11
15 3
31 17
26 1
8 15
13 10
13 22
7 29
25 32
12 21
0 34
20 24
34 27
26 18
19 7
15 10
22 30
14 33
27 4
14 16
20 28
26 13
30 33
7 19
10 19
21 26
33 21
14 31
28 21
13 27
28 8
2 30
18 16
27 10
0 6
6 0
14 32
14 8
9 1
8 19
20 29
25 18
30 4
29 22
5 23
14 13
31 16
7 14
12 14
4 28
0 10
9 14
22 23
23 31
4 11
31 24
20 22
14 4
16 0
9 3
30 22
14 10
9 28
2 4
12 31
4 2
4 35
24 7
2 20
11 13
15 33
35 18
11 4
14 27
29 33
22 32
11 32
5 20
15 25
12 10
30 15
30 29
3 1
11 23
28 24
18 23
21 34
5 12
18 35
3 11
32 25
7 24
2 29
24 17
18 0
7 28
15 1
1 19
2 12
22 10
0 5
33 1
19 13
1 18
33 12
31 22
0 19
4 29
7 1
27 23
8 0
3 9
1 2
27 30
4 17
10 25
15 12
8 14
5 9
32 2
2 27
25 2
26 9
11 13
11 2
1 35
18 4
9 20
22 16
30 26
34 4
32 29
16 4
7 22
30 19
4 32
27 29
14 17
19 25
31 10
7 32
9 26
16 34
26 2
31 20
8 9
24 20
2 21
5 25
23 35
8 27
11 35
1 25
33 20
14 28
30 1
24 19
27 20
18 33
2 13
17 26
22 11
4 7
16 9
30 15
17 1
6 33
2 31
30 2
25 2
12 26
6 32
34 26
30 31
28 23
29 18
25 15
29 22
9 2
32 4
35 13
10 12
16 21
6 34
10 8
11 17
14 23
31 20
33 26
12 20
19 11
9 14
4 18
0 30
20 12
14 35
26 5
12 22
26 34
20 17
7 11
14 1
14 9
2 11
15 14
11 15
25 20
29 10
2 10
20 2
2 34
2 28
19 30
30 26
28 31
23 35
22 1
17 1
26 19
28 21
13 4
0 19
4 10
29 7
0 13
25 2
27 7
11 1
21 1
30 16
24 9
3 5
6 4
31 5
12 32
19 16
13 18
21 23
11 8
3 4
33 5
11 21
32 22
22 18
3 16
34 7
6 1
12 21
23 18
34 20
17 30
13 35
15 0
10 3
3 30
1 24
5 2
21 8
24 3
27 21
17 35
27 35
27 3
20 31
21 34
31 2
9 8
1 24
24 27
28 7
1 9
11 23
11 32
11 15
15 2
0 33
17 27
32 25
31 32
20 32
31 15
20 3
16 8
7 24
16 14
25 5
25 12
32 2
3 12
17 6
28 30
3 20
26 28
31 23
28 7
34 23
22 18
26 19
6 33
7 3
27 12
8 33
5 21
35 8
33 32
30 5
27 34
5 17
26 0
20 19
24 34
6 10
16 13
29 3
26 16
6 34
29 30
31 34
15 10
6 28
6 1
34 33
15 3
15 5
20 15
4 8
14 27
34 30
20 28
13 26
24 19
24 17
14 35
31 9
9 2
2 16
19 16
13 14
35 8
35 24
4 7
2 11
22 12
31 30
26 21
18 25
26 0
19 25
31 29
15 13
11 31
12 7
24 26
6 33
26 6
1 10
29 3
21 31
15 32
25 21
33 8
11 3
24 30
29 19
3 8
13 14
19 25
1 7
32 8
20 2
30 21
12 3
24 13
35 20
9 24
21 22
12 32
26 0
7 35
0 10
23 13
5 6
18 6
29 14
30 14
16 24
35 8
8 24
21 7
24 10
11 9
33 24
22 23
4 29
2 4
19 25
17 24
11 0
31 4
30 5
18 11
30 18
19 18
6 21
25 10
31 16
19 28
20 5
31 25
14 33
29 34
2 27
22 13
7 33
18 1
3 0
12 13
18 12
31 4
33 0
30 8
32 14
1 17
35 12
22 30
26 15
28 8
22 30
22 29
8 20
31 27
20 23
4 19
15 3
28 31
34 1
27 28
18 24
7 10
10 1
16 6
9 25
8 4
11 2
12 11
13 3
11 0
23 30
32 18
14 24
13 28
5 20
20 23
25 7
14 15
9 30
21 18
19 10
2 10
12 14
21 25
33 5
20 7
1 18
1 6
11 29
11 32
29 15
1 29
16 26
23 18
24 7
28 27
33 20
21 19
9 35
32 30
35 19
32 18
21 2
29 30
13 5
24 28
6 5
1 3
31 25
21 35
12 29
6 9
13 8
8 2
7 20
32 6
4 8
4 5
10 14
35 4
19 23
12 6
28 30
9 3
19 10
19 11
19 25
0 32
33 9
14 20
9 10
7 13
35 11
34 25
25 34
29 25
1 22
31 10
16 20
13 15
10 32
26 29
2 6
5 35
31 19
0 5
9 7
34 24
34 33
14 24
11 7
29 12
9 24
22 5
24 16
20 34
28 26
7 30
13 12
10 8
11 10
13 0
17 28
25 15
25 3
19 0
26 12
28 16
16 15
21 4
11 22
18 3
28 25
14 5
17 24
30 8
14 23
9 11
15 14
26 20
33 26
0 3
18 29
35 24
1 19
35 23
2 18
31 7
32 17
25 0
27 33
14 22
25 30
16 32
14 29
2 15
33 20
24 32
19 12
33 19
27 0
21 25
12 28
2 9
33 2
0 11
33 14
33 2
8 30
14 3
23 16
18 0
17 22
13 16
34 26
35 25
27 0
14 19
9 32
28 6
35 28
17 12
22 31
30 11
25 9
14 28
5 12
29 22
34 22
19 12
12 18
17 19
19 11
2 28
8 10
14 7
18 32
35 5
7 29
16 12
18 10
4 2
13 6
0 15
25 28
28 8
9 11
7 20
14 15
28 24
29 15
7 5
14 28
12 24
24 4
6 34
25 10
0 18
17 16
34 22
8 26
10 33
1 17
17 31
12 10
20 6
5 7
27 20
35 20
24 23
24 10
1 13
1 17
32 34
33 30
20 21
0 31
18 1
28 15
13 5
5 33
11 20
18 11
35 2
35 2
7 9
3 20
10 20
32 8
33 6
29 18
6 4
16 24
32 31
1 14
28 34
11 3
13 29
2 15
0 27
18 1
2 18
