18
0 15
5 1
16 17
15 16
7 0
8 7
12 9
6 2
15 3
4 1
14 12
8 0
2 16
7 11
7 1
13 5
15 0
6 13
15 3
12 2
3 2
9 13
9 15
14 4
16 0
3 10
11 10
0 4
15 1
17 2
14 15
6 10
11 7
4 13
9 4
5 4
14 0
0 16
17 2
9 10
13 0
3 0
5 0
0 2
0 14
17 6
6 10
12 8
6 3
11 9
5 9
4 3
8 3
5 16
11 17
16 12
2 15
17 3
15 1
1 9
16 6
16 7
0 6
11 3
15 2
8 2
11 12
6 0
13 11
14 4
10 16
11 7
13 12
2 12
13 12
11 1
10 0
17 14
11 0
12 11
7 14
4 17
0 2
13 10
16 17
0 9
14 11
14 9
5 17
4 1
11 13
0 3
13 16
15 4
16 7
15 5
2 17
5 2
2 0
12 16
15 13
5 11
4 2
1 10
1 5
9 12
0 9
13 11
7 8
13 6
16 8
9 16
7 14
0 7
12 11
6 10
4 11
1 8
13 2
0 12
5 9
6 3
17 14
4 8
7 8
4 15
0 2
5 12
0 12
7 11
16 15
13 8
16 4
3 17
2 14
2 10
2 6
7 0
0 11
6 8
2 10
5 0
10 8
12 10
1 2
15 14
13 5
11 17
