26
6 15
16 6
2 12
10 19
5 15
20 6
9 1
6 17
9 8
8 21
10 21
15 7
21 12
16 11
23 2
24 5
20 16
11 22
4 23
17 9
13 11
17 22
14 23
15 0
8 24
23 18
21 14
25 16
0 18
1 25
20 2
4 14
20 17
12 25
15 3
10 4
16 2
0 7
1 16
7 9
16 4
3 11
18 5
4 20
23 7
21 19
9 1
10 6
18 22
5 9
2 15
13 18
19 14
25 21
6 8
6 24
14 12
9 8
17 13
4 16
23 25
11 6
2 21
12 21
20 19
4 24
11 20
16 4
10 18
25 16
0 8
16 17
20 25
25 13
15 4
5 12
5 16
20 8
14 9
5 10
2 11
8 13
5 24
20 15
18 21
7 21
3 23
12 25
25 11
12 14
15 19
2 23
10 24
5 0
7 10
10 12
23 18
1 3
18 21
20 11
17 2
6 22
25 18
22 24
5 10
14 23
4 18
20 16
17 1
16 0
13 0
14 10
20 16
13 12
13 8
25 6
12 7
3 13
1 14
7 13
2 4
19 23
0 9
16 1
1 18
14 1
7 24
23 25
14 12
14 24
11 21
10 19
0 23
22 3
11 3
16 9
10 15
9 21
5 10
23 24
0 6
23 24
5 13
10 22
11 23
17 21
16 19
20 15
22 6
18 14
24 2
0 13
13 22
18 24
19 17
24 19
0 23
19 7
10 3
3 21
1 20
16 19
15 11
8 11
19 3
2 17
7 2
6 20
0 20
21 19
19 15
19 16
10 1
1 14
4 24
17 1
15 12
16 2
21 4
23 0
6 16
7 10
22 3
11 22
24 6
15 19
23 11
11 8
12 14
24 16
13 15
17 4
3 8
8 24
12 5
0 20
23 7
4 19
13 15
17 13
24 8
6 21
19 5
5 8
3 24
21 20
15 1
24 25
9 24
11 16
25 7
13 8
12 6
21 3
25 8
1 7
16 25
3 10
4 10
20 8
8 15
4 0
18 2
25 1
3 13
17 2
20 6
10 6
14 8
10 13
18 13
22 11
12 1
21 17
12 15
1 20
6 5
20 0
10 22
1 13
9 20
17 3
0 3
12 16
11 24
3 6
13 1
17 0
3 14
19 17
3 20
11 1
8 11
11 4
14 0
15 10
17 20
12 21
6 2
8 6
7 16
20 8
7 22
13 21
15 4
0 9
18 13
10 2
0 24
8 16
24 23
0 18
17 12
15 0
16 23
6 23
14 2
8 23
24 23
19 13
2 21
24 22
9 11
24 11
9 6
2 9
5 2
1 22
17 18
24 9
16 5
9 6
9 17
5 10
16 0
25 18
22 24
16 7
11 14
18 20
22 20
5 1
25 9
0 18
1 24
3 19
5 12
1 15
5 7
25 22
7 0
16 5
24 7
14 9
23 7
5 20
3 13
23 4
22 23
24 23
22 2
17 1
14 20
18 20
1 19
18 11
20 8
18 20
15 7
6 13
16 11
9 21
24 6
2 22
4 0
20 2
4 13
3 21
9 24
17 11
17 9
24 11
17 16
6 9
25 12
22 17
25 7
13 0
13 17
22 19
19 18
21 24
7 1
21 17
25 12
4 16
21 4
4 14
22 12
23 24
0 21
15 25
2 4
1 16
21 0
11 15
20 7
13 2
10 21
9 22
1 19
5 7
3 17
7 1
17 2
17 19
5 21
22 23
17 22
10 8
17 19
23 21
3 7
16 14
3 19
16 22
0 23
5 3
17 12
5 10
17 22
5 24
19 2
23 12
24 7
20 15
1 17
10 4
24 2
21 1
21 13
25 21
10 7
1 3
21 6
16 12
4 21
12 23
25 9
10 24
17 4
15 20
24 2
0 22
6 21
0 4
8 25
1 21
8 2
24 4
8 16
16 14
14 5
12 13
14 24
13 7
4 5
1 2
7 2
1 15
23 1
19 6
2 21
3 11
25 3
17 10
20 9
24 8
14 12
21 3
10 11
10 17
16 12
21 25
16 24
14 13
25 10
21 4
7 0
17 6
4 8
16 24
17 15
6 1
3 11
14 21
7 4
9 2
3 1
1 20
15 2
4 12
8 11
13 25
17 9
8 17
1 25
25 9
2 22
16 19
17 25
23 3
4 3
4 7
23 21
9 1
10 20
14 23
19 5
16 5
15 7
8 14
8 17
17 10
13 9
3 6
9 3
11 13
8 18
20 5
13 5
8 23
1 22
22 23
3 14
2 19
23 10
9 5
3 2
18 12
23 0
23 0
12 10
4 8
15 19
15 25
19 17
23 17
14 3
6 16
24 5
0 7
13 5
10 5
23 24
2 23
23 5
11 9
15 17
17 7
11 6
6 23
6 23
13 11
5 3
9 11
5 18
24 10
2 3
7 2
7 25
12 18
10 2
10 1
9 23
10 17
3 9
25 0
23 10
6 0
19 8
12 17
18 16
22 2
21 3
9 22
18 3
7 20
15 10
5 12
20 24
17 6
24 20
3 8
2 5
4 21
13 18
14 8
10 12
10 5
17 21
2 9
0 11
5 18
21 10
6 18
9 24
24 9
18 3
19 20
8 23
17 24
17 5
6 2
17 18
9 8
15 13
20 15
24 25
7 20
12 14
12 23
14 10
6 13
25 2
23 25
19 21
18 0
3 20
17 23
6 1
12 19
21 4
18 21
13 12
7 3
24 4
17 10
12 25
25 13
3 22
12 22
20 7
22 23
1 15
23 9
17 9
3 12
15 21
9 3
9 16
6 7
22 0
19 10
25 18
24 3
16 12
1 10
19 0
10 23
17 7
6 8
18 9
23 8
6 13
15 25
19 24
23 21
17 10
21 11
8 0
2 20
3 12
16 3
24 15
21 5
21 5
0 7
4 8
13 23
5 14
16 3
11 12
23 21
9 10
5 11
12 2
14 1
20 18
1 9
15 7
4 22
9 13
1 19
3 16
16 8
4 8
13 17
22 10
15 5
23 20
16 9
24 7
12 18
1 14
1 16
23 6
14 6
21 17
25 24
7 17
6 11
25 20
3 22
6 18
3 14
22 15
13 3
1 5
4 17
9 22
14 17
10 22
12 2
23 11
9 14
17 23
16 13
0 12
20 15
25 8
13 14
23 16
18 5
20 9
14 16
0 5
3 24
17 5
22 2
16 12
22 13
4 9
15 16
5 9
8 5
20 21
21 19
14 13
0 8
25 14
1 25
21 4
23 15
11 21
17 1
10 15
17 14
1 6
7 6
18 17
13 14
14 11
9 2
24 10
13 23
0 14
24 22
20 22
11 5
19 4
8 5
20 25
22 23
8 3
5 2
20 19
16 10
6 1
13 4
11 0
2 12
16 0
8 10
24 21
17 20
25 21
1 23
18 11
0 24
13 22
19 5
7 25
6 22
5 18
24 9
6 14
12 16
0 12
11 17
6 12
18 8
8 21
5 2
6 8
2 19
6 23
0 15
22 7
11 4
1 9
13 7
25 12
10 18
20 22
13 4
6 8
10 11
17 20
13 10
0 11
11 16
9 20
3 13
21 15
1 4
14 2
3 16
16 15
8 13
11 23
17 20
6 1
5 25
23 18
9 24
5 22
16 15
18 19
4 13
8 7
17 25
10 22
15 2
11 25
15 25
25 7
19 7
10 0
6 8
20 17
8 0
14 24
17 6
19 21
22 4
3 15
5 15
12 20
17 25
21 7
24 22
16 19
3 0
19 9
10 16
1 18
18 17
18 9
25 12
6 21
18 11
13 23
0 1
19 18
0 16
1 13
17 20
16 19
16 2
4 6
3 22
0 22
17 11
21 5
17 19
23 3
8 22
3 9
17 23
11 7
0 12
22 17
7 15
11 25
17 5
22 15
7 18
6 18
15 11
9 8
8 14
16 6
18 1
23 17
13 7
18 25
3 11
8 18
