25
1 0
11 0
2 0
20 0
18 0
19 0
18 0
4 0
14 0
19 0
24 0
2 0
13 0
2 0
16 0
5 0
17 0
22 0
9 0
14 0
8 0
20 0
7 0
10 0
3 0
12 0
13 0
21 0
23 0
14 0
7 0
20 0
18 0
1 0
1 0
20 0
4 0
20 0
19 0
19 0
13 0
19 0
24 0
10 0
22 0
3 0
22 0
21 0
10 0
4 0
7 0
24 0
9 0
2 0
20 0
11 0
1 0
20 0
2 0
2 0
7 0
8 0
6 0
20 0
5 0
15 0
9 0
16 0
4 0
0 0
11 0
18 0
9 0
16 0
0 0
20 0
10 0
17 0
1 0
21 0
14 0
21 0
19 0
24 0
2 0
13 0
24 0
17 0
15 0
24 0
2 0
4 0
4 0
10 0
14 0
20 0
21 0
13 0
12 0
0 0
15 0
1 0
15 0
14 0
3 0
24 0
1 0
17 0
