42
40 35
23 9
7 41
13 37
10 32
19 34
0 14
23 10
2 0
33 22
8 17
11 9
36 7
3 41
37 32
27 33
25 8
0 32
5 12
27 15
2 4
6 1
16 29
9 16
27 1
39 33
18 6
41 10
13 2
9 6
34 37
40 18
1 38
8 5
8 34
20 9
36 24
8 11
10 17
27 37
18 22
29 34
28 3
40 28
10 2
21 3
40 39
5 37
3 10
1 35
28 8
30 9
16 39
19 34
22 14
8 1
41 1
29 25
2 25
12 28
31 16
26 28
19 29
27 21
23 11
29 9
20 2
4 39
36 24
10 2
25 7
1 11
31 3
36 41
14 22
30 28
7 16
5 26
1 30
3 24
41 31
31 18
33 35
15 25
18 23
25 1
31 27
12 18
28 5
17 0
27 5
26 34
19 29
17 20
17 18
1 15
7 32
33 38
24 4
21 0
28 5
41 15
30 10
33 16
15 6
15 40
11 41
31 30
29 6
6 2
22 7
17 30
38 8
24 20
11 4
18 39
7 15
10 37
23 41
11 36
5 26
35 16
24 2
11 28
6 13
8 14
29 36
8 35
19 26
4 21
2 41
28 15
9 23
39 6
32 33
11 17
24 25
39 6
