12
7 0
5 1
0 8
9 7
1 10
3 0
1 9
9 7
8 0
9 8
1 2
6 3
11 2
7 9
9 4
1 6
1 2
6 9
3 1
2 1
8 3
7 9
0 2
6 1
3 2
6 5
9 1
5 3
8 6
0 10
10 6
4 0
0 3
1 4
4 9
5 7
8 2
11 3
0 4
6 7
10 0
8 0
9 11
0 3
4 10
5 10
3 5
10 6
7 6
2 11
8 7
10 4
2 9
7 6
2 1
4 6
1 4
7 1
5 2
9 3
7 10
1 9
8 0
8 11
3 4
10 5
0 4
6 0
11 0
6 4
5 4
6 9
11 6
1 8
2 8
7 4
1 8
1 5
4 8
0 6
5 11
0 5
2 0
11 10
5 7
4 7
6 7
5 11
3 7
11 2
0 1
11 5
10 3
1 11
8 7
4 1
6 4
6 0
5 9
11 10
4 7
9 2
3 1
10 0
1 2
5 0
11 4
7 0
3 8
7 8
6 0
2 7
9 3
10 11
11 5
9 5
8 0
6 7
2 11
8 9
4 0
0 7
1 3
3 1
3 11
11 7
6 10
4 1
8 3
5 2
0 10
10 4
5 9
11 8
9 8
0 9
0 5
9 1
8 4
6 11
3 6
6 1
4 2
3 1
6 8
7 10
6 9
3 7
6 11
4 6
4 6
6 9
3 8
9 11
6 1
2 0
11 4
5 2
7 10
0 7
5 10
1 2
5 9
1 11
0 6
5 4
4 0
5 11
0 7
10 6
8 0
7 8
4 1
7 2
1 2
11 4
8 1
9 3
9 1
6 5
6 3
4 10
10 6
5 6
10 4
6 7
8 11
6 2
5 1
1 9
9 6
6 10
9 7
7 10
2 1
7 0
5 3
11 7
9 8
6 8
0 4
7 0
3 1
6 8
2 7
5 3
1 4
5 3
11 1
5 6
5 10
3 8
9 11
10 9
5 10
9 5
1 4
10 7
5 6
10 0
11 6
6 10
11 0
3 5
5 1
9 5
2 0
3 11
9 1
0 6
10 5
2 1
0 7
6 10
10 6
10 4
4 2
3 8
10 1
1 3
10 11
6 2
6 9
11 8
10 9
10 3
11 8
11 9
6 9
8 5
0 1
0 8
9 10
9 3
5 11
6 11
1 0
9 4
0 11
1 11
2 4
2 3
0 9
0 5
10 0
10 8
0 9
7 5
8 1
9 1
