35
19 16
1 6
10 0
19 29
6 33
9 16
13 33
25 5
12 0
10 11
0 30
21 31
7 6
1 14
5 27
2 24
20 3
7 30
4 26
1 10
24 11
3 15
21 28
20 33
28 30
10 5
3 8
1 22
27 15
1 32
7 4
21 4
19 28
34 23
20 13
10 21
1 13
1 22
7 33
32 12
6 19
18 21
5 31
8 32
11 10
29 30
26 15
34 10
8 11
11 5
1 33
4 2
12 5
1 31
16 33
20 34
30 15
20 0
24 28
32 0
3 26
8 6
6 19
17 26
30 5
9 8
3 13
10 15
30 11
23 11
22 21
10 17
1 7
17 25
1 14
3 16
5 23
23 7
17 26
15 22
0 23
25 13
34 18
9 22
18 32
9 4
20 3
18 27
20 8
5 11
23 22
28 11
22 16
31 4
20 11
3 20
11 28
11 10
23 32
10 7
29 31
11 26
0 29
19 20
15 24
32 15
23 2
27 22
31 23
3 16
11 6
1 22
0 12
10 23
21 20
7 16
28 19
7 28
25 3
14 17
5 23
33 28
25 2
16 21
2 31
14 13
3 16
12 15
5 22
15 27
19 23
20 13
19 4
6 21
8 32
4 13
32 2
18 0
4 11
21 6
8 13
31 11
29 8
3 11
31 18
15 27
6 0
5 2
17 24
24 25
21 28
15 31
7 33
31 11
10 29
29 30
7 25
6 13
10 9
25 18
4 17
11 30
28 25
12 17
14 2
16 7
17 12
14 27
8 2
2 8
32 10
10 15
23 21
1 25
4 6
8 15
29 3
9 19
15 3
34 29
19 18
23 8
10 15
28 12
18 31
21 27
18 31
20 18
17 33
21 34
4 29
14 10
9 0
7 1
4 18
30 0
1 18
21 23
10 14
1 28
10 34
33 5
7 30
1 2
28 22
1 10
28 27
32 14
28 4
27 9
22 9
1 17
30 24
27 10
2 33
32 1
8 15
21 3
28 23
8 27
24 18
20 16
16 11
21 20
3 30
20 2
17 33
31 24
34 0
11 14
33 21
27 18
13 33
6 1
7 33
2 25
30 31
18 6
17 16
9 25
1 23
7 11
19 8
22 19
20 1
30 6
29 25
31 7
24 2
9 31
0 23
33 7
19 17
13 2
33 34
27 11
22 11
34 18
19 21
2 16
23 9
34 17
0 30
24 32
10 32
9 34
30 16
30 24
6 32
34 17
1 22
4 24
21 34
21 8
14 2
8 23
2 25
23 9
26 24
7 2
33 28
13 6
22 8
30 28
18 7
23 31
29 27
33 16
4 19
1 18
33 9
6 12
34 7
22 2
8 6
16 7
34 29
13 33
15 20
4 10
27 18
22 31
16 15
0 12
16 18
11 2
2 23
13 9
10 15
17 16
32 1
28 3
14 26
18 0
30 5
27 34
24 26
31 5
6 31
30 34
27 6
1 29
29 14
3 17
30 32
10 27
34 15
7 25
7 26
25 14
8 30
14 32
33 10
15 5
18 10
16 10
16 18
4 22
32 19
16 4
17 27
8 28
7 16
18 26
19 21
18 27
28 32
2 26
19 17
8 14
27 25
25 20
8 6
19 17
26 1
34 20
5 7
13 24
0 8
28 19
29 11
24 22
20 26
26 16
8 34
30 12
24 32
9 4
28 4
30 6
3 27
23 22
5 13
23 25
18 19
32 29
8 19
26 34
10 7
19 22
14 8
11 12
17 33
16 23
2 23
6 5
15 7
27 32
20 27
22 15
12 19
9 20
16 12
32 3
19 16
25 10
2 22
31 0
15 31
14 3
3 31
18 10
23 27
7 16
15 22
5 11
8 25
4 32
22 8
16 33
3 18
12 26
26 24
6 23
3 22
3 34
17 13
0 10
32 28
25 31
33 13
16 0
18 13
0 26
6 16
1 9
11 26
12 2
15 19
2 31
18 5
7 0
30 19
10 27
24 12
0 34
26 16
0 21
29 0
24 0
28 25
22 4
28 34
18 21
30 33
17 13
3 1
14 34
33 1
3 22
14 4
22 17
20 22
3 27
34 27
4 27
29 26
8 23
3 9
33 1
3 24
5 16
15 16
14 16
19 14
7 23
1 24
21 0
4 25
11 8
29 3
3 21
11 3
24 14
24 34
16 4
23 33
20 15
14 12
32 10
26 4
11 4
6 32
4 10
22 15
31 28
30 11
14 18
14 15
32 15
27 25
19 27
0 16
8 14
28 5
2 19
21 13
23 4
10 4
27 9
31 23
2 26
34 29
9 25
21 19
5 13
21 1
6 22
17 26
13 23
31 15
19 29
5 8
34 15
24 3
1 33
26 16
1 25
10 11
27 8
7 9
22 5
10 5
4 31
30 27
4 22
12 10
28 32
9 20
33 12
22 31
15 33
17 25
21 9
10 5
18 32
10 5
14 27
10 22
14 26
9 3
2 14
12 23
0 11
13 34
7 28
14 17
11 16
3 32
26 20
28 1
31 33
15 23
20 3
22 0
29 8
15 8
23 28
32 23
4 10
34 23
15 13
18 3
6 21
1 9
7 6
10 15
4 3
15 25
6 14
2 12
22 17
33 10
22 30
10 26
17 9
27 9
34 10
25 17
8 3
27 9
14 19
13 17
34 15
0 25
17 25
13 12
23 0
34 30
11 3
24 32
7 33
9 17
23 26
2 26
18 30
0 33
14 26
27 26
6 28
16 1
18 29
13 18
7 24
13 18
27 2
15 34
12 24
28 1
28 31
4 23
26 17
21 17
20 14
8 26
19 2
27 14
8 17
32 15
7 10
10 11
24 3
23 1
4 16
14 32
12 31
21 15
13 19
10 33
10 30
1 29
32 6
8 18
0 5
33 19
27 9
31 16
12 19
18 16
12 9
26 25
5 12
17 18
31 27
28 7
23 7
13 32
13 34
15 13
4 14
33 9
0 6
25 24
2 20
17 14
30 8
16 12
32 34
31 6
3 1
25 26
8 3
24 33
2 16
24 19
30 22
28 7
5 30
8 7
28 3
21 0
23 15
12 21
14 20
4 29
22 29
21 7
32 22
6 0
3 30
31 11
29 1
30 34
31 4
18 1
19 16
1 7
31 14
5 22
34 9
17 21
3 15
6 1
2 12
13 17
7 21
28 13
22 24
24 30
5 7
32 24
0 33
8 9
12 14
31 24
23 25
10 4
5 16
17 19
5 7
2 24
28 7
2 15
31 3
10 13
10 19
14 23
18 23
32 7
14 5
31 14
31 19
18 1
12 0
33 18
7 0
19 12
7 22
27 16
25 15
29 13
11 21
13 29
9 10
2 23
15 10
2 11
29 33
25 19
10 23
14 30
0 33
7 32
12 23
0 4
30 13
15 16
26 10
2 13
24 2
28 34
16 17
6 14
7 2
25 7
16 20
7 14
4 26
12 16
27 12
20 34
2 1
15 5
11 29
18 12
31 23
23 12
5 6
4 24
8 6
31 24
26 15
4 30
19 28
24 11
5 9
10 7
10 2
12 33
31 7
10 4
30 11
28 1
17 32
2 26
3 11
15 6
26 31
14 10
24 3
33 6
12 8
13 0
22 2
33 18
9 21
34 17
32 28
18 26
2 20
17 18
8 10
24 0
18 3
22 8
18 21
14 31
6 5
8 29
19 6
24 6
4 24
23 1
29 18
5 31
15 22
14 24
9 16
24 28
31 23
13 15
21 4
23 28
21 31
22 6
2 23
12 19
12 20
18 30
2 27
10 2
18 34
11 34
0 16
31 24
6 23
10 23
11 15
9 7
14 15
21 3
4 5
27 16
3 23
11 5
15 22
19 33
33 31
10 34
24 18
0 8
6 22
31 29
3 5
13 17
33 11
32 14
29 25
31 9
25 19
26 5
18 11
15 17
7 25
28 8
20 28
16 3
15 12
32 30
30 10
13 28
34 22
7 28
24 15
2 14
12 28
19 7
4 12
1 23
14 29
32 0
34 25
3 15
3 13
22 33
0 12
3 34
0 22
27 24
15 6
16 27
0 12
11 4
24 13
5 4
19 14
16 19
4 19
11 19
32 33
29 33
11 32
9 23
32 2
12 8
5 16
20 18
27 2
7 17
7 23
2 21
4 33
2 1
21 22
10 19
16 20
7 26
30 23
9 20
12 29
25 5
15 8
32 29
28 27
1 28
29 34
33 4
13 11
25 0
21 29
7 29
20 2
1 20
23 21
9 17
24 14
32 9
23 26
2 15
4 8
21 15
18 25
29 27
6 15
14 0
34 20
32 13
21 17
1 20
3 19
9 17
28 18
6 32
33 21
13 6
20 6
24 10
0 30
15 6
22 29
19 22
14 16
12 11
14 32
14 10
6 32
15 25
15 24
0 13
15 6
33 21
7 21
33 2
1 16
1 7
0 23
21 29
1 10
5 27
8 31
14 5
6 16
20 8
16 34
23 34
9 21
18 30
19 32
31 12
34 3
25 34
1 19
12 1
16 20
32 30
11 3
14 28
23 22
21 34
22 33
9 8
16 4
4 26
13 28
2 28
18 1
7 2
14 31
15 30
28 13
3 4
28 29
9 16
16 8
28 15
6 14
23 34
18 4
25 8
32 27
14 16
6 21
30 32
17 11
27 10
1 7
26 29
1 22
29 9
15 9
27 29
9 26
25 13
29 10
23 33
24 4
4 22
11 1
16 22
6 26
0 25
30 29
4 31
17 10
17 9
32 9
4 6
12 6
32 6
16 20
17 18
1 33
5 12
12 22
12 30
25 12
20 7
1 28
1 12
10 9
31 26
27 9
32 1
27 26
33 9
9 34
20 26
24 32
25 1
27 28
25 24
13 9
26 19
10 3
6 21
24 3
24 16
24 22
30 16
25 28
3 11
28 23
14 29
20 5
7 24
33 32
13 23
7 4
7 17
7 14
15 8
29 17
25 18
4 32
11 6
25 14
17 30
14 31
24 11
1 31
0 11
29 14
12 13
30 31
7 15
22 0
23 16
17 25
11 21
22 23
27 13
14 21
8 29
17 10
5 31
6 19
0 32
31 25
4 28
33 19
15 33
8 9
15 10
20 13
33 8
17 23
23 3
8 29
20 18
34 28
25 17
13 2
26 9
28 31
14 26
15 30
1 0
16 11
1 29
21 22
11 9
22 26
17 16
11 13
15 17
3 10
30 17
1 16
10 9
31 13
25 3
26 2
19 7
13 32
13 11
19 1
20 6
27 15
22 4
28 15
33 8
25 28
25 3
21 13
13 17
3 15
32 30
17 28
2 8
26 28
19 10
29 17
17 22
9 16
3 2
31 1
22 33
6 12
2 27
25 15
22 6
30 19
1 24
13 3
32 4
31 29
26 3
11 20
25 20
2 28
34 10
29 33
9 12
10 11
4 13
3 26
19 10
23 32
