41
25 0
0 5
34 4
9 30
8 29
13 38
8 0
1 25
28 13
5 24
19 22
30 15
30 19
8 40
21 31
24 21
33 31
16 39
1 5
6 31
20 5
39 20
9 26
7 24
33 2
16 22
17 6
0 28
16 40
8 6
25 31
39 17
6 38
18 13
5 8
33 11
9 12
20 37
21 3
29 13
7 5
37 27
13 37
14 29
38 24
36 22
14 36
39 22
35 18
35 0
27 29
13 38
0 35
34 23
38 24
36 6
31 32
33 3
30 8
35 27
32 10
5 27
10 27
24 28
23 24
16 11
39 13
13 33
8 36
32 33
33 38
23 26
33 29
15 0
23 3
33 14
13 40
2 23
29 26
13 11
29 25
9 4
38 1
12 36
35 6
28 33
32 14
27 20
31 27
4 35
21 18
9 21
20 33
11 8
7 24
19 38
8 29
1 8
32 16
5 27
22 33
21 13
8 9
33 1
36 37
36 17
16 4
40 39
39 10
6 5
34 27
3 4
17 6
14 9
22 19
38 4
13 20
19 24
29 14
25 26
12 22
4 29
28 3
27 29
15 35
36 11
21 0
15 39
7 31
9 31
9 8
37 24
28 16
7 18
30 34
3 1
15 8
32 5
13 20
34 29
14 29
40 38
30 16
38 37
6 27
17 14
24 0
3 1
10 21
33 5
26 34
23 36
26 28
11 5
21 40
22 9
0 19
39 18
16 37
26 24
26 2
40 11
4 2
12 16
25 4
22 12
40 4
10 27
34 21
35 14
22 16
25 24
37 26
1 14
22 29
40 9
31 39
20 37
2 34
15 29
40 37
2 1
2 12
28 36
33 24
11 14
40 36
38 21
0 13
5 29
12 14
21 10
37 20
14 30
35 2
32 33
5 33
37 19
22 32
12 6
4 28
7 40
28 5
21 30
18 26
21 33
1 2
38 23
19 30
17 23
21 11
30 15
7 9
37 0
23 4
4 10
12 6
40 19
29 30
39 16
10 31
17 13
36 15
37 14
4 15
37 27
29 27
1 38
36 40
39 20
4 30
16 12
32 35
0 21
33 16
33 26
36 5
21 10
3 35
16 21
31 4
9 19
5 6
16 6
6 36
10 13
26 28
25 19
24 26
40 19
3 34
4 39
39 25
10 4
19 28
25 11
32 34
33 39
1 8
5 8
4 17
23 32
5 7
10 29
35 11
7 39
4 13
39 4
38 9
10 18
37 35
30 31
30 22
29 34
32 36
1 36
13 24
27 18
33 39
8 28
9 18
28 15
31 26
20 31
35 30
8 34
27 40
24 16
21 14
9 13
10 12
10 23
38 40
2 31
38 12
20 9
30 7
24 23
35 3
13 32
36 21
25 24
21 10
1 3
24 13
18 34
25 31
18 25
30 20
17 27
35 39
36 24
5 20
8 1
25 23
33 22
4 19
5 27
29 7
32 15
20 12
10 6
2 29
33 32
8 9
18 2
7 16
29 14
38 39
18 22
22 10
6 28
32 11
14 22
20 7
37 1
19 7
10 21
38 2
12 5
14 33
10 23
8 0
40 5
39 17
29 22
29 35
9 20
8 23
4 30
33 2
32 11
9 1
33 6
5 6
14 19
39 26
4 6
28 3
13 28
22 4
10 39
19 33
8 4
37 39
37 39
32 7
10 35
1 18
40 8
34 21
6 19
27 15
8 30
30 37
11 34
6 23
35 27
15 2
31 13
2 29
14 34
37 24
30 40
1 32
7 38
14 16
0 31
27 32
20 23
4 16
31 27
10 19
4 12
12 17
17 0
31 12
39 16
2 39
20 36
5 17
9 21
35 9
13 21
0 36
5 4
11 38
33 21
17 37
35 29
16 11
29 8
26 28
25 28
28 4
25 35
21 34
18 17
4 31
39 6
26 5
10 37
3 4
19 20
3 14
8 19
25 39
27 10
28 13
40 15
17 24
12 40
19 30
17 23
20 17
29 8
22 0
6 25
7 26
6 10
40 14
29 26
13 17
39 2
31 40
18 7
26 30
9 4
19 28
30 0
6 20
10 30
21 17
15 28
4 23
40 5
40 28
33 12
4 31
16 37
33 34
4 18
25 15
24 5
4 15
8 10
36 18
40 18
37 16
7 2
40 6
7 39
34 0
12 40
33 28
37 27
24 2
6 8
19 31
16 23
7 24
33 4
3 34
22 0
10 29
4 11
37 12
11 32
14 23
34 8
12 30
36 34
1 6
12 34
22 37
1 5
31 5
10 24
30 12
36 20
17 8
17 31
19 8
6 3
3 14
16 33
9 13
28 13
19 1
8 2
40 9
7 30
17 20
16 8
32 13
28 8
22 6
39 0
17 4
4 20
21 22
15 32
35 2
4 14
4 13
16 5
24 26
36 2
5 13
10 37
26 0
7 6
7 10
23 14
16 3
35 38
18 28
32 22
33 7
28 7
24 34
33 11
31 38
18 3
9 16
29 9
23 37
18 33
8 2
6 24
7 2
21 27
30 14
9 24
22 39
33 7
32 26
18 22
25 36
25 34
13 16
5 37
14 23
31 22
25 37
5 35
39 28
21 30
1 30
14 25
29 6
32 22
34 9
4 18
6 31
12 22
6 17
20 1
10 3
28 6
10 22
6 38
3 36
1 35
9 26
25 18
20 7
11 31
13 30
40 5
1 21
12 20
0 34
21 10
40 10
18 9
33 26
9 38
21 10
32 33
38 17
10 17
24 23
8 39
12 7
3 15
28 17
35 30
13 17
40 12
30 19
21 22
4 30
19 27
1 10
21 40
29 33
16 14
16 26
12 28
33 16
5 22
35 1
11 7
19 12
19 8
31 2
32 37
34 12
24 36
24 6
35 13
40 12
27 17
39 40
6 33
17 11
15 13
13 28
21 34
0 1
3 33
5 35
30 40
8 15
35 32
21 31
4 22
4 32
39 2
33 5
38 11
18 14
24 31
1 6
26 3
10 29
37 15
25 26
14 33
0 10
25 23
0 29
5 22
5 9
16 12
8 27
31 22
13 23
26 19
9 29
29 40
27 4
25 14
20 19
16 33
3 40
33 35
6 40
18 13
11 35
26 21
23 18
5 36
2 31
15 13
21 5
13 10
11 40
24 32
20 0
26 40
20 7
20 40
20 33
36 7
13 19
27 18
14 30
10 31
4 34
39 19
3 9
18 27
2 0
27 28
26 28
8 7
35 30
6 17
24 2
24 37
23 11
17 39
2 29
32 6
22 30
26 25
39 5
14 3
5 0
33 29
0 40
25 32
8 1
15 12
26 14
35 39
33 2
21 24
8 3
15 36
30 16
1 3
19 8
4 13
3 35
14 2
19 7
12 21
23 24
8 39
20 8
31 15
10 11
0 18
16 6
32 19
11 12
27 17
25 30
11 0
35 33
8 6
13 33
33 23
31 12
31 23
27 2
34 28
22 12
5 38
20 37
16 31
10 5
8 37
35 19
38 31
11 7
38 26
40 32
10 32
3 2
14 33
4 9
22 27
21 27
26 0
23 2
34 35
7 1
31 3
22 30
35 36
37 34
21 38
27 34
29 30
36 4
24 0
14 5
29 37
32 14
40 16
18 33
10 25
36 3
31 17
33 27
12 30
22 36
29 8
29 18
40 26
24 26
40 31
16 37
23 31
38 0
10 30
13 38
25 16
28 3
10 14
16 1
38 13
31 5
3 8
6 29
34 30
17 34
23 33
30 5
25 27
7 36
18 20
33 4
38 22
7 8
38 25
9 35
40 1
2 9
7 34
5 40
10 39
22 4
30 29
30 16
36 27
36 18
21 1
15 4
10 25
1 36
37 38
37 38
0 40
9 7
35 14
8 4
12 30
8 1
18 40
19 16
28 16
36 10
17 12
14 27
38 17
24 36
16 21
33 16
22 1
26 16
17 34
22 29
24 30
32 3
32 10
21 26
16 32
4 31
7 32
28 27
15 25
2 38
19 21
4 37
40 38
18 29
23 10
22 29
1 33
9 24
20 28
15 25
18 25
18 7
11 35
32 13
33 10
34 13
33 40
10 33
38 30
23 22
1 4
10 4
39 20
29 19
9 3
5 27
28 23
34 39
17 27
14 11
37 7
25 30
7 37
24 6
28 6
30 10
0 34
9 22
22 30
31 28
37 19
17 19
12 18
38 39
32 11
37 39
36 28
7 34
11 13
23 19
3 12
32 5
6 2
27 30
32 19
17 28
38 37
8 11
14 7
9 5
18 5
5 15
34 13
8 6
28 34
26 33
5 17
38 13
19 26
3 12
6 22
40 3
18 9
16 34
16 25
39 35
33 6
11 28
19 22
34 8
15 21
1 20
38 0
36 16
27 0
30 33
22 29
39 2
40 14
38 16
1 37
12 34
4 23
23 4
18 33
19 40
34 1
37 35
37 15
23 37
4 15
20 36
15 24
35 30
22 12
31 20
24 26
24 9
8 13
28 0
35 27
37 38
26 31
34 2
15 32
6 30
11 3
7 36
0 37
19 12
29 39
39 14
24 7
24 32
22 11
34 18
0 30
15 26
22 10
28 37
1 36
29 13
40 36
10 1
32 31
13 22
29 11
38 12
20 21
5 4
34 39
22 36
29 40
21 12
9 10
9 11
6 38
26 7
35 38
8 28
28 23
9 18
37 6
32 16
29 37
22 24
37 4
20 27
3 0
40 14
13 8
25 19
7 12
28 3
9 36
31 39
20 40
16 5
9 35
36 5
16 19
2 20
39 31
25 1
30 40
14 40
26 33
8 0
22 11
11 19
1 10
39 2
28 15
7 38
9 4
4 27
24 8
9 22
40 36
23 31
35 39
31 23
33 39
23 14
10 36
33 13
5 32
16 36
8 25
35 19
30 0
5 13
11 16
37 10
12 22
2 6
20 33
31 15
32 15
29 3
11 24
18 15
34 13
25 21
9 3
10 25
21 27
21 33
39 4
35 6
25 30
38 40
23 14
30 26
25 13
5 3
30 1
18 14
22 28
