29
2 21
27 2
10 16
28 27
3 12
7 9
6 10
22 23
21 26
4 0
25 10
8 12
25 22
18 19
0 27
19 23
19 10
25 21
26 25
19 0
0 19
1 6
0 23
0 13
13 26
5 9
7 13
21 25
6 11
15 6
1 6
0 20
8 18
12 26
6 3
19 6
14 12
12 6
28 5
19 12
2 24
13 9
0 6
5 6
9 13
4 2
11 4
22 19
14 26
8 20
21 19
26 6
3 2
12 2
7 23
6 1
10 19
10 17
8 16
18 13
20 24
17 5
6 2
3 14
15 24
5 12
23 8
14 27
2 13
22 8
14 3
19 17
14 8
17 22
26 1
14 10
25 23
15 2
17 10
8 3
27 13
8 21
13 14
19 15
28 4
15 5
0 6
22 14
14 2
28 3
3 5
5 20
28 21
14 9
23 12
21 28
12 13
13 27
25 20
18 0
7 23
21 5
9 6
19 11
27 14
7 3
12 27
24 25
5 4
19 28
8 12
27 21
25 3
19 13
24 0
6 23
23 27
28 3
26 10
7 24
16 14
27 28
4 22
24 9
18 15
0 27
27 20
11 15
23 22
0 10
22 6
25 16
4 24
12 1
5 19
17 22
25 16
13 0
1 9
2 12
16 2
10 14
14 21
21 1
6 21
11 28
19 8
7 16
24 19
9 22
1 27
15 26
