44
1 0
32 0
28 0
38 0
15 0
35 0
34 0
3 0
3 0
20 0
13 0
31 0
12 0
31 0
16 0
28 0
7 0
40 0
40 0
10 0
30 0
24 0
7 0
9 0
37 0
28 0
26 0
40 0
4 0
22 0
35 0
14 0
19 0
30 0
40 0
3 0
3 0
1 0
29 0
0 0
36 0
18 0
43 0
32 0
11 0
37 0
12 0
4 0
4 0
15 0
24 0
31 0
31 0
5 0
39 0
8 0
15 0
41 0
43 0
4 0
4 0
25 0
3 0
42 0
15 0
24 0
32 0
8 0
5 0
42 0
31 0
37 0
13 0
42 0
8 0
0 0
1 0
4 0
0 0
37 0
28 0
10 0
22 0
9 0
31 0
9 0
25 0
36 0
26 0
27 0
1 0
6 0
43 0
24 0
14 0
21 0
31 0
2 0
1 0
6 0
19 0
12 0
23 0
20 0
5 0
31 0
40 0
29 0
23 0
34 0
22 0
35 0
0 0
14 0
0 0
30 0
36 0
21 0
4 0
17 0
40 0
12 0
41 0
40 0
38 0
24 0
20 0
26 0
23 0
43 0
30 0
9 0
3 0
0 0
18 0
21 0
9 0
23 0
31 0
6 0
5 0
17 0
34 0
37 0
36 0
0 0
24 0
5 0
18 0
0 0
22 0
39 0
11 0
19 0
0 0
15 0
34 0
40 0
34 0
15 0
22 0
25 0
20 0
6 0
36 0
2 0
3 0
21 0
16 0
33 0
19 0
41 0
12 0
10 0
23 0
26 0
36 0
0 0
38 0
26 0
33 0
21 0
26 0
28 0
36 0
34 0
42 0
40 0
41 0
9 0
28 0
18 0
19 0
29 0
21 0
40 0
17 0
0 0
13 0
38 0
41 0
36 0
32 0
2 0
35 0
26 0
43 0
13 0
15 0
7 0
30 0
43 0
42 0
43 0
23 0
36 0
37 0
36 0
12 0
32 0
26 0
40 0
35 0
43 0
27 0
38 0
30 0
37 0
33 0
15 0
25 0
10 0
7 0
21 0
17 0
40 0
43 0
24 0
21 0
36 0
1 0
14 0
21 0
12 0
40 0
43 0
31 0
37 0
32 0
11 0
43 0
24 0
43 0
9 0
43 0
40 0
28 0
8 0
39 0
16 0
1 0
9 0
1 0
3 0
12 0
34 0
41 0
30 0
34 0
12 0
36 0
29 0
40 0
26 0
35 0
22 0
10 0
20 0
30 0
16 0
34 0
6 0
36 0
28 0
27 0
11 0
2 0
17 0
10 0
29 0
14 0
33 0
35 0
7 0
10 0
17 0
25 0
