40
27 0
32 0
16 0
2 0
22 0
11 0
34 0
12 0
30 0
8 0
38 0
19 0
17 0
34 0
11 0
24 0
13 0
8 0
20 0
10 0
36 0
3 0
22 0
7 0
23 0
29 0
15 0
15 0
38 0
0 0
26 0
32 0
33 0
13 0
0 0
32 0
2 0
28 0
13 0
25 0
14 0
36 0
15 0
13 0
20 0
3 0
39 0
31 0
25 0
20 0
36 0
32 0
10 0
0 0
36 0
4 0
25 0
17 0
20 0
9 0
29 0
38 0
16 0
4 0
26 0
12 0
20 0
20 0
8 0
5 0
39 0
39 0
2 0
9 0
39 0
24 0
23 0
8 0
4 0
26 0
28 0
12 0
26 0
30 0
37 0
22 0
37 0
5 0
38 0
15 0
16 0
17 0
5 0
24 0
21 0
31 0
0 0
1 0
20 0
12 0
10 0
30 0
16 0
32 0
33 0
35 0
30 0
33 0
13 0
37 0
27 0
35 0
16 0
37 0
11 0
37 0
36 0
21 0
6 0
10 0
4 0
33 0
33 0
22 0
4 0
0 0
31 0
35 0
15 0
35 0
34 0
39 0
4 0
34 0
18 0
2 0
25 0
9 0
14 0
24 0
34 0
25 0
3 0
25 0
13 0
36 0
6 0
29 0
0 0
13 0
11 0
2 0
35 0
14 0
27 0
3 0
6 0
39 0
1 0
11 0
38 0
5 0
26 0
38 0
9 0
6 0
4 0
0 0
11 0
33 0
36 0
12 0
17 0
3 0
20 0
17 0
13 0
6 0
17 0
27 0
33 0
37 0
24 0
36 0
13 0
19 0
31 0
11 0
9 0
15 0
32 0
29 0
24 0
24 0
8 0
6 0
19 0
18 0
15 0
17 0
25 0
15 0
2 0
3 0
33 0
26 0
27 0
32 0
28 0
16 0
36 0
21 0
9 0
2 0
30 0
30 0
0 0
16 0
15 0
5 0
21 0
17 0
31 0
4 0
2 0
8 0
35 0
5 0
5 0
5 0
18 0
34 0
32 0
20 0
21 0
0 0
1 0
35 0
3 0
11 0
11 0
3 0
33 0
27 0
7 0
25 0
20 0
4 0
17 0
3 0
37 0
35 0
33 0
10 0
31 0
35 0
11 0
35 0
13 0
19 0
18 0
17 0
2 0
20 0
26 0
5 0
21 0
22 0
12 0
22 0
1 0
6 0
36 0
16 0
27 0
6 0
25 0
27 0
38 0
38 0
31 0
32 0
29 0
11 0
39 0
37 0
35 0
31 0
5 0
7 0
31 0
11 0
24 0
37 0
21 0
15 0
5 0
38 0
22 0
11 0
20 0
35 0
25 0
36 0
3 0
8 0
24 0
33 0
33 0
33 0
4 0
7 0
11 0
13 0
21 0
34 0
13 0
9 0
0 0
12 0
24 0
30 0
15 0
10 0
14 0
39 0
35 0
12 0
4 0
32 0
34 0
27 0
8 0
29 0
17 0
4 0
6 0
10 0
11 0
23 0
7 0
28 0
29 0
1 0
17 0
11 0
12 0
11 0
10 0
12 0
35 0
29 0
36 0
15 0
4 0
24 0
13 0
38 0
12 0
12 0
24 0
36 0
37 0
17 0
13 0
25 0
25 0
18 0
34 0
5 0
1 0
30 0
38 0
26 0
37 0
22 0
34 0
11 0
11 0
22 0
17 0
6 0
19 0
3 0
33 0
30 0
1 0
8 0
37 0
29 0
27 0
31 0
13 0
6 0
15 0
0 0
20 0
18 0
14 0
39 0
27 0
15 0
34 0
37 0
36 0
9 0
38 0
4 0
29 0
39 0
21 0
30 0
2 0
26 0
26 0
14 0
30 0
6 0
3 0
25 0
21 0
8 0
20 0
25 0
32 0
15 0
27 0
30 0
17 0
39 0
22 0
14 0
2 0
31 0
20 0
35 0
9 0
0 0
8 0
26 0
1 0
28 0
25 0
12 0
33 0
16 0
10 0
38 0
4 0
17 0
7 0
7 0
38 0
30 0
19 0
33 0
4 0
15 0
14 0
22 0
24 0
36 0
3 0
32 0
39 0
36 0
39 0
29 0
28 0
29 0
28 0
20 0
27 0
13 0
23 0
33 0
18 0
35 0
16 0
12 0
21 0
13 0
28 0
10 0
6 0
24 0
6 0
11 0
32 0
20 0
4 0
7 0
27 0
28 0
14 0
10 0
34 0
0 0
10 0
31 0
3 0
34 0
4 0
27 0
22 0
4 0
5 0
1 0
6 0
27 0
15 0
39 0
12 0
15 0
3 0
22 0
7 0
15 0
22 0
0 0
34 0
23 0
39 0
23 0
38 0
1 0
39 0
6 0
25 0
18 0
13 0
34 0
18 0
15 0
36 0
37 0
3 0
14 0
28 0
24 0
0 0
32 0
31 0
36 0
14 0
18 0
10 0
25 0
5 0
0 0
7 0
8 0
29 0
7 0
28 0
20 0
11 0
17 0
8 0
7 0
29 0
22 0
7 0
10 0
9 0
25 0
17 0
27 0
29 0
26 0
13 0
7 0
10 0
26 0
29 0
17 0
2 0
9 0
20 0
0 0
39 0
32 0
36 0
15 0
25 0
36 0
24 0
26 0
39 0
30 0
6 0
19 0
10 0
27 0
11 0
36 0
28 0
27 0
7 0
11 0
21 0
8 0
36 0
36 0
17 0
18 0
31 0
17 0
2 0
30 0
23 0
19 0
26 0
6 0
4 0
21 0
5 0
24 0
21 0
11 0
7 0
19 0
2 0
34 0
17 0
35 0
27 0
3 0
6 0
31 0
10 0
27 0
33 0
0 0
16 0
29 0
25 0
39 0
