35
8 26
6 33
7 10
16 14
12 2
9 16
11 27
5 32
6 16
5 29
26 5
32 3
32 18
27 13
27 14
20 12
5 27
10 25
2 3
4 26
6 26
8 17
30 13
15 2
6 32
31 9
15 6
12 24
1 16
2 6
31 34
18 13
26 6
3 29
9 20
32 15
23 5
10 18
30 25
32 13
34 6
23 14
12 15
25 29
17 31
2 17
15 20
21 31
26 7
28 24
23 28
6 33
11 2
0 9
27 11
15 26
4 28
6 29
34 1
3 1
30 18
28 27
16 1
19 23
6 8
11 34
14 21
11 28
33 32
21 10
24 13
1 5
6 19
11 5
32 14
18 4
9 12
32 25
25 16
14 32
1 2
31 15
1 19
21 34
28 19
9 29
32 22
34 16
7 23
33 16
2 17
21 12
6 30
14 31
11 28
28 24
8 2
16 9
21 2
8 15
33 18
9 31
5 21
24 9
22 18
23 4
4 12
10 11
27 7
22 32
12 23
5 14
4 26
13 19
0 28
17 30
14 25
12 0
14 2
21 2
20 10
18 1
22 29
12 26
13 11
24 2
34 29
29 15
21 7
34 33
0 17
28 26
7 17
4 34
19 25
1 16
12 31
29 12
2 18
3 15
29 27
30 5
34 24
21 20
31 20
30 8
14 0
34 22
17 3
21 14
6 34
7 18
30 14
30 33
32 11
25 4
3 32
21 2
21 7
34 29
5 6
2 19
6 2
18 1
17 16
15 23
27 34
19 23
13 26
33 11
2 0
15 6
33 1
20 31
21 32
26 3
3 5
34 10
7 18
11 2
11 3
2 4
2 33
4 16
25 14
4 26
19 22
24 32
8 33
30 5
24 33
20 29
33 7
14 28
30 28
4 33
30 20
13 6
1 6
31 15
10 0
7 6
0 8
3 8
6 11
25 7
9 10
14 7
30 5
12 25
33 17
24 5
14 11
16 20
19 8
30 32
27 1
32 1
16 17
19 27
7 4
14 29
30 33
24 0
11 27
10 5
16 27
19 7
16 12
27 0
21 22
9 13
0 6
26 28
0 11
33 19
27 12
26 22
10 27
22 21
19 9
3 12
1 23
19 29
0 11
7 21
10 16
12 22
0 3
16 12
26 14
32 18
3 23
5 25
15 4
24 0
25 27
12 4
15 9
33 28
20 5
26 31
34 3
18 11
19 11
23 10
2 20
29 5
20 11
31 1
28 20
13 30
24 2
34 5
11 10
10 9
15 1
17 26
5 12
14 24
24 3
11 26
0 17
9 21
29 17
34 14
24 29
3 26
6 20
15 16
30 24
8 32
6 0
14 18
26 15
19 29
26 23
7 9
9 5
15 26
4 26
5 28
32 20
31 3
6 11
19 1
0 28
10 18
5 1
2 31
16 33
3 20
21 10
6 30
27 33
33 31
24 15
1 21
1 32
2 7
9 21
20 21
26 8
5 31
9 19
5 26
17 8
23 16
30 29
23 22
27 22
30 28
2 31
26 3
5 28
22 26
27 20
13 18
28 30
27 2
14 32
28 8
17 28
24 22
25 23
26 12
18 31
14 26
23 30
31 28
29 23
20 14
13 16
7 8
8 10
22 17
15 7
11 9
32 0
8 22
23 12
11 6
8 2
9 8
32 5
2 27
5 34
18 15
26 0
1 13
29 28
33 5
2 30
5 23
29 28
0 17
11 8
19 20
17 29
3 31
33 8
30 16
4 23
7 30
0 20
21 30
14 19
0 28
26 6
28 32
11 28
14 23
14 10
20 8
4 23
4 2
9 11
19 13
11 3
8 12
1 6
7 15
25 7
20 28
25 14
25 2
19 16
2 10
27 22
18 31
23 34
11 9
23 30
22 34
10 7
23 11
26 7
3 16
15 24
22 17
15 12
31 11
29 33
22 21
33 17
29 33
29 5
7 17
12 6
28 23
25 17
11 16
24 15
10 16
16 32
11 8
9 7
19 15
18 13
28 1
8 26
30 13
10 24
3 28
17 26
18 34
2 0
1 29
10 29
10 7
5 18
28 13
15 21
8 33
34 1
11 7
4 6
33 14
30 1
7 25
4 25
24 18
2 13
24 32
23 8
2 19
2 27
34 23
0 9
34 1
21 7
5 27
17 31
0 18
3 25
34 6
26 17
20 6
30 10
3 31
18 17
15 32
10 26
32 10
12 32
24 33
16 29
3 33
26 3
28 6
5 27
24 8
9 10
14 17
32 17
13 15
12 5
25 22
8 22
9 20
31 33
19 12
5 34
22 8
14 27
26 19
19 16
4 6
3 19
23 0
13 27
25 30
17 24
3 17
34 0
25 9
19 15
14 30
2 34
9 30
26 5
26 7
10 9
22 29
9 22
19 22
14 10
17 9
34 32
3 10
33 5
20 29
20 11
25 0
11 34
7 2
17 33
21 27
8 33
17 7
17 33
27 11
19 4
9 22
26 7
5 11
13 25
0 3
25 23
15 32
2 32
8 23
1 28
8 34
22 15
16 4
25 21
16 10
2 9
28 21
14 17
34 5
17 15
7 17
7 17
19 16
25 19
17 30
27 16
17 19
9 34
9 30
27 31
32 29
6 3
15 32
20 26
2 14
18 22
31 25
16 27
18 6
11 0
13 3
28 30
34 3
6 20
10 33
17 20
27 23
23 19
20 23
0 11
6 34
19 9
15 11
27 33
22 5
11 2
33 18
1 13
25 21
24 0
15 21
28 15
9 24
13 6
12 25
17 31
24 13
5 16
24 9
14 23
14 2
25 20
3 15
22 1
16 23
17 2
28 32
23 29
10 29
7 0
23 15
1 13
32 17
2 6
31 2
33 27
0 31
7 15
30 9
9 30
26 11
0 30
11 6
14 23
7 29
25 20
3 7
0 21
4 2
31 14
7 31
22 14
24 18
0 33
25 26
21 26
27 21
33 15
5 12
3 12
18 28
32 21
1 9
19 17
12 16
31 24
31 10
25 26
23 0
16 14
22 19
18 20
17 10
25 6
26 14
1 19
24 34
32 33
19 26
22 0
0 18
1 31
6 27
22 29
27 15
20 26
0 4
12 29
26 14
1 17
6 14
14 30
14 23
28 10
15 16
10 15
11 23
23 17
15 10
11 20
2 32
23 2
13 12
32 4
4 10
34 10
1 13
5 15
1 10
25 16
3 12
8 15
1 31
32 28
18 9
25 21
18 14
0 31
3 9
12 7
19 11
17 21
1 22
13 15
33 16
8 1
28 17
16 6
25 26
12 9
0 2
7 18
28 7
26 32
17 15
4 13
4 34
11 5
21 2
20 31
18 6
10 23
23 3
30 25
29 19
11 6
21 18
1 27
3 4
1 32
20 17
10 24
16 34
6 15
1 4
11 19
10 33
7 10
2 14
0 8
33 24
15 32
7 28
24 22
33 2
19 18
19 7
19 1
6 25
16 7
29 4
26 16
3 10
26 17
25 4
2 23
28 17
20 12
23 21
0 21
23 31
16 20
3 12
21 9
2 14
16 9
30 19
25 10
30 29
27 20
33 7
20 3
1 6
15 24
4 27
22 28
24 3
13 27
15 11
2 30
2 30
16 9
15 18
20 10
12 24
7 22
31 27
25 33
10 6
22 15
33 10
20 34
25 10
27 18
33 29
25 12
24 6
21 16
1 6
3 14
31 10
13 4
15 4
2 22
2 29
32 24
26 32
26 1
24 21
11 30
11 23
31 29
10 13
31 28
28 22
24 16
0 6
31 16
8 10
3 10
5 1
11 8
10 3
10 34
24 33
6 13
22 2
7 32
27 15
25 21
2 27
2 15
33 10
31 18
20 0
6 2
13 17
11 23
32 33
34 22
31 5
0 30
19 27
12 0
30 33
14 34
12 29
9 22
3 27
19 3
10 34
28 22
28 25
20 4
24 28
21 24
24 5
9 28
17 21
0 27
0 34
4 7
20 3
10 13
23 25
23 22
30 28
9 23
31 6
4 20
34 25
22 0
30 8
6 25
29 18
17 6
30 34
25 15
2 0
5 2
2 29
24 32
34 10
32 30
16 1
28 3
15 5
34 23
11 24
17 7
18 0
2 29
26 17
9 3
23 11
18 29
13 15
5 23
25 13
5 3
6 33
7 21
3 18
9 27
19 3
34 2
3 13
9 6
30 18
22 30
6 5
1 19
32 7
8 22
20 25
3 0
22 24
15 5
33 7
24 13
18 3
16 8
12 0
4 7
22 11
14 27
25 10
1 9
30 1
6 20
4 9
32 26
33 13
8 32
32 21
28 12
14 1
25 14
17 9
13 29
0 17
31 23
19 5
18 20
11 16
1 20
13 4
18 26
12 26
24 21
24 17
33 3
30 0
30 13
10 8
7 22
26 3
10 22
20 6
7 31
22 8
16 0
24 11
4 1
14 5
22 3
34 32
18 29
33 13
7 20
22 14
19 25
29 30
12 14
1 31
22 0
4 15
12 28
26 16
6 17
21 5
20 2
16 27
12 29
34 9
28 26
29 18
32 1
7 12
2 3
11 14
19 27
26 24
18 8
30 1
6 12
33 4
15 14
31 4
21 30
14 21
8 10
19 9
17 8
23 33
19 14
17 23
5 7
7 25
14 20
32 4
30 1
19 22
9 0
8 4
14 34
3 34
21 34
20 16
19 20
14 15
34 8
4 5
15 11
7 8
4 11
3 17
7 2
26 19
22 8
34 22
11 10
20 22
31 1
6 28
15 21
28 24
25 10
16 13
17 0
21 34
23 2
16 7
4 20
27 28
26 16
13 11
3 21
25 21
15 17
7 8
6 10
30 0
23 12
12 22
11 1
24 5
8 5
25 12
9 30
15 12
11 29
1 26
15 26
12 30
8 31
15 27
6 10
4 7
23 16
29 11
29 30
28 15
0 18
27 22
13 8
34 1
2 0
4 29
26 16
25 12
25 17
16 8
28 20
15 28
13 9
16 20
16 10
0 29
28 4
16 19
24 15
32 3
16 2
33 19
30 0
8 20
17 24
6 10
21 15
12 8
32 24
7 9
18 12
13 34
31 3
27 6
6 20
8 16
16 15
16 25
13 11
26 19
21 25
17 2
2 25
34 11
27 18
20 22
30 10
34 4
25 26
10 9
23 30
25 4
10 19
6 0
30 10
19 28
0 2
30 14
4 6
25 8
1 22
31 32
32 30
1 23
33 23
9 21
18 34
25 5
18 9
6 25
19 2
19 31
16 26
10 33
10 12
6 11
34 2
8 9
21 8
7 9
17 28
27 29
31 10
24 5
16 15
1 30
34 32
24 2
19 22
12 31
28 1
7 8
21 15
17 8
1 25
17 18
30 22
12 26
32 2
8 25
29 9
32 5
18 21
7 2
20 32
10 14
10 17
34 31
10 16
4 23
6 34
6 2
21 31
5 30
10 14
32 4
0 29
21 19
28 5
33 13
2 9
4 12
3 9
25 32
25 13
15 24
20 17
22 28
0 29
15 26
3 19
26 10
17 22
3 22
21 28
25 7
10 14
10 25
0 1
22 26
26 3
27 11
32 27
16 9
33 31
0 2
27 4
12 9
26 27
32 24
32 34
31 7
25 19
10 26
32 9
29 23
24 33
12 34
25 5
8 24
2 21
3 6
25 15
16 19
25 18
16 1
14 1
26 10
23 29
19 32
23 8
34 22
32 33
24 2
18 25
16 4
28 23
29 20
4 23
16 6
6 33
19 32
11 10
20 34
5 4
8 5
24 7
4 21
17 29
24 1
31 5
5 2
5 12
22 21
0 4
27 18
14 11
27 2
34 12
1 16
17 21
33 6
29 3
5 11
9 6
24 5
11 30
7 29
19 7
15 31
23 8
14 31
6 16
7 19
29 23
13 15
22 31
9 2
1 33
11 7
22 16
31 29
1 25
13 8
5 9
8 25
0 22
34 19
3 6
15 32
7 28
12 29
24 34
8 3
32 19
10 31
12 18
26 13
20 4
33 26
26 6
28 3
28 27
22 8
11 2
5 18
7 30
24 9
29 32
12 3
28 34
34 5
18 25
31 3
7 29
6 10
13 12
13 6
16 1
15 27
15 32
22 23
27 23
32 33
32 9
1 25
20 13
8 15
15 4
31 22
10 2
9 23
26 23
30 8
1 22
12 28
19 0
16 24
0 13
34 33
34 13
23 32
26 31
12 6
12 8
6 23
23 15
11 14
15 18
22 28
17 12
22 14
12 3
3 24
29 14
22 5
27 23
2 18
31 15
2 9
0 8
9 23
23 20
3 16
16 2
9 33
14 31
12 3
0 27
28 6
7 27
11 34
15 26
30 24
6 32
33 18
5 19
7 5
4 22
21 32
1 31
31 28
27 20
31 4
13 1
10 32
6 34
31 33
25 26
22 31
23 32
26 5
16 33
11 33
32 9
30 34
5 3
4 10
24 12
14 2
11 32
1 7
30 26
11 18
34 11
15 25
17 9
1 28
7 10
2 21
20 6
25 30
7 3
21 29
0 32
26 1
4 21
4 27
16 15
4 9
6 21
18 19
26 25
29 5
