28
11 10
22 1
25 20
16 5
11 5
20 21
21 26
15 4
3 6
22 6
13 0
8 13
22 8
1 12
27 12
22 21
25 20
25 26
25 8
3 1
1 25
22 12
24 10
15 14
4 21
12 4
1 20
17 8
0 2
20 11
26 15
4 23
19 13
21 0
21 25
1 7
6 7
19 2
17 6
1 21
11 13
9 12
17 26
4 1
0 9
13 10
24 1
5 27
15 11
27 8
20 0
15 26
7 6
12 24
24 13
1 19
26 10
16 15
20 1
4 1
14 9
15 19
8 2
14 19
11 6
3 10
16 22
1 13
2 9
26 3
1 9
25 17
8 17
9 21
23 7
7 16
23 11
9 25
25 0
20 4
16 15
4 10
16 17
13 25
0 16
10 21
14 27
1 15
21 23
9 0
2 0
16 9
11 25
7 9
10 11
25 26
26 1
8 14
3 21
24 3
22 18
24 20
18 9
19 23
16 0
23 19
1 23
0 12
5 19
5 15
3 14
25 13
0 17
12 3
23 8
6 1
10 14
21 0
23 12
7 12
25 14
15 10
10 27
6 27
19 12
26 6
10 23
19 10
24 3
13 19
23 3
20 6
17 25
18 13
22 10
9 3
24 8
13 18
7 19
17 10
15 27
16 26
22 20
20 3
23 6
22 3
9 27
21 11
8 11
8 2
21 17
17 2
25 2
20 16
6 22
27 5
21 15
15 0
7 8
3 15
14 9
18 7
8 11
18 17
6 26
3 12
27 21
14 8
7 18
25 13
12 8
19 18
23 6
18 15
26 5
14 12
14 16
4 7
27 6
24 17
17 11
1 16
4 27
9 24
18 9
14 26
12 4
5 3
22 20
1 27
6 26
26 22
2 5
5 8
13 7
9 24
20 26
13 20
19 9
22 9
2 8
7 15
25 12
2 19
17 3
3 7
1 13
2 15
18 19
8 3
26 17
27 3
27 24
23 18
5 1
11 20
9 2
7 18
15 9
22 16
24 25
23 10
22 9
25 12
13 5
15 23
7 26
26 6
23 5
9 12
6 20
4 0
23 18
22 16
12 22
25 21
17 7
15 27
4 27
24 22
26 19
1 9
18 19
16 23
0 2
5 17
14 12
24 4
18 25
17 12
22 10
1 10
12 5
9 8
11 20
12 1
2 16
17 9
0 1
23 5
2 9
1 11
14 19
8 15
3 2
25 17
15 19
13 4
1 6
16 5
18 12
6 20
0 7
1 13
8 25
18 23
6 4
6 4
23 14
19 11
0 1
12 15
20 25
3 5
3 19
10 21
16 25
0 7
11 13
16 8
16 11
26 20
1 15
27 15
6 22
27 7
6 26
12 4
1 17
19 5
0 25
5 0
22 5
8 5
3 8
25 19
3 24
23 4
23 22
3 1
17 2
21 7
12 5
23 25
22 15
14 6
12 19
7 6
9 15
24 12
7 21
15 10
1 10
14 24
16 1
10 5
15 3
25 27
8 20
8 2
7 23
21 3
14 0
22 7
27 18
19 6
11 18
0 25
0 26
5 17
27 15
6 14
18 15
25 26
8 5
13 15
0 6
3 27
18 25
18 17
15 22
7 10
12 7
7 13
17 25
14 16
12 4
14 3
20 23
13 0
12 10
27 25
0 2
24 18
11 26
19 26
20 10
9 5
1 0
2 18
9 0
18 22
4 9
8 11
22 20
24 17
4 21
17 18
1 20
2 27
23 0
20 6
21 25
7 6
11 26
15 11
16 21
27 5
2 8
0 25
12 24
26 16
17 15
7 2
19 9
2 15
21 6
21 27
15 12
17 26
22 16
21 11
10 20
0 24
0 5
13 9
3 13
10 3
20 13
22 13
27 9
19 17
14 2
4 27
3 2
21 19
23 16
13 27
0 10
0 13
15 25
22 3
10 16
6 15
1 0
12 10
3 1
8 17
5 7
20 19
13 24
26 1
9 26
14 3
10 27
3 19
5 6
13 21
12 23
24 25
19 18
12 21
27 2
10 18
22 14
3 18
12 17
12 22
3 27
16 2
2 7
19 20
5 12
4 17
19 1
14 11
19 27
16 2
13 26
21 19
24 10
9 13
6 15
0 5
