31
21 13
12 10
0 15
12 26
21 25
8 29
19 13
21 2
20 18
29 2
22 2
22 19
14 13
28 15
23 6
24 11
19 5
19 29
12 7
23 18
5 11
1 26
11 19
11 9
20 3
11 9
20 24
22 17
6 12
21 30
23 9
3 9
26 20
7 6
27 28
24 1
9 25
25 18
12 6
28 1
7 6
10 27
30 0
12 5
12 2
3 10
4 12
3 24
18 7
20 15
1 19
22 24
13 8
5 17
5 4
24 9
13 19
7 13
29 12
25 29
13 26
6 17
6 10
8 24
15 26
6 16
14 27
8 26
4 11
12 7
16 4
14 27
23 21
9 21
1 17
14 28
24 30
3 1
5 25
16 1
29 0
15 25
8 10
27 17
21 1
0 25
14 27
15 4
5 3
5 7
20 18
2 13
15 5
12 20
30 29
21 26
29 4
19 4
12 13
21 0
15 20
25 29
16 9
0 20
10 6
27 0
22 27
11 6
1 24
26 29
20 15
24 16
17 12
18 27
24 6
28 8
26 22
4 12
30 2
1 9
8 26
7 28
22 19
3 21
10 28
17 28
12 8
13 27
19 0
23 12
6 20
18 2
10 22
12 9
22 11
16 0
4 24
26 24
10 30
14 18
27 29
15 6
6 28
2 25
26 23
6 30
13 24
1 23
13 11
30 5
22 15
3 24
6 29
17 14
28 29
1 22
27 14
26 3
9 26
26 4
19 2
4 1
24 3
22 7
13 21
12 4
5 13
27 10
11 13
24 7
12 26
27 8
9 23
9 19
18 5
21 6
7 23
5 0
27 5
9 15
15 11
19 28
7 29
7 19
22 12
0 15
6 23
29 16
9 15
21 30
19 26
23 24
17 28
24 2
12 2
21 8
8 19
13 27
8 25
27 24
29 2
16 26
16 23
10 4
20 27
28 10
19 20
27 6
17 18
8 27
21 29
4 29
15 17
23 9
19 14
8 19
30 3
3 20
11 7
10 5
5 20
25 23
15 29
9 2
4 5
21 0
8 17
15 23
9 7
0 28
22 6
15 19
7 18
7 16
23 17
21 26
4 15
18 19
13 25
20 15
0 10
15 6
28 30
27 4
5 27
0 25
0 15
11 7
0 18
23 2
14 17
7 27
4 24
8 30
13 23
28 22
8 1
17 5
28 21
10 23
21 2
23 3
14 0
1 30
21 23
2 9
7 30
13 0
5 10
12 28
7 1
3 6
16 9
4 6
17 27
26 20
17 27
3 15
29 0
6 21
0 8
30 7
5 10
6 10
21 16
6 26
17 9
2 18
4 6
5 29
1 23
15 29
24 0
25 24
4 15
25 12
12 1
16 22
5 26
12 21
30 6
7 9
6 7
25 10
14 28
6 13
20 21
9 13
19 3
5 23
18 30
5 30
29 19
20 4
12 30
23 12
5 0
21 9
5 13
17 19
9 23
2 29
12 11
10 0
13 24
29 10
27 8
15 16
10 25
15 1
6 19
1 25
26 4
8 13
24 17
3 24
13 15
2 21
14 15
1 7
12 11
1 8
18 14
24 26
8 6
27 15
23 26
7 19
0 15
30 24
30 2
15 11
16 17
30 0
1 4
12 10
5 20
28 17
11 24
23 15
20 7
6 16
15 23
16 28
20 7
26 22
22 4
5 6
1 4
4 0
6 16
11 9
3 8
26 12
30 19
26 20
24 1
3 6
22 17
2 11
24 26
0 13
30 6
17 29
10 22
30 17
5 8
24 7
16 20
19 14
8 12
1 30
11 4
6 2
21 6
13 12
1 14
25 29
18 9
27 26
29 26
10 4
1 4
11 18
24 28
30 8
0 29
19 4
2 22
23 8
2 4
9 14
27 7
1 3
2 28
2 26
7 6
28 11
15 13
2 10
12 1
16 10
29 5
14 0
25 4
7 27
6 14
9 0
22 10
3 22
5 17
13 9
