30
19 0
10 0
26 0
8 0
3 0
3 0
11 0
12 0
29 0
28 0
1 0
17 0
3 0
23 0
3 0
19 0
1 0
16 0
2 0
4 0
8 0
2 0
11 0
1 0
15 0
15 0
11 0
7 0
0 0
21 0
5 0
24 0
21 0
17 0
11 0
19 0
22 0
4 0
6 0
9 0
12 0
19 0
14 0
25 0
16 0
26 0
1 0
9 0
24 0
18 0
17 0
24 0
20 0
19 0
16 0
29 0
2 0
8 0
21 0
12 0
29 0
3 0
21 0
23 0
24 0
19 0
7 0
6 0
20 0
7 0
7 0
22 0
24 0
6 0
25 0
17 0
1 0
0 0
17 0
24 0
28 0
27 0
27 0
18 0
28 0
7 0
24 0
29 0
5 0
4 0
15 0
24 0
17 0
5 0
9 0
23 0
5 0
12 0
9 0
6 0
20 0
21 0
25 0
9 0
6 0
29 0
26 0
29 0
15 0
7 0
13 0
2 0
13 0
27 0
20 0
19 0
21 0
14 0
12 0
22 0
24 0
0 0
14 0
25 0
26 0
23 0
17 0
1 0
17 0
14 0
26 0
26 0
22 0
10 0
19 0
2 0
21 0
17 0
10 0
2 0
1 0
22 0
1 0
5 0
23 0
15 0
27 0
18 0
7 0
27 0
19 0
21 0
6 0
16 0
8 0
5 0
22 0
13 0
5 0
26 0
29 0
9 0
14 0
8 0
26 0
2 0
19 0
10 0
16 0
17 0
7 0
26 0
12 0
7 0
27 0
7 0
28 0
15 0
6 0
17 0
13 0
23 0
27 0
4 0
23 0
7 0
14 0
14 0
5 0
27 0
8 0
21 0
5 0
2 0
14 0
27 0
23 0
14 0
16 0
25 0
3 0
24 0
20 0
28 0
13 0
13 0
26 0
27 0
13 0
1 0
19 0
9 0
19 0
18 0
8 0
3 0
4 0
13 0
25 0
20 0
9 0
5 0
1 0
25 0
15 0
4 0
21 0
16 0
