19
10 3
17 4
14 11
13 17
10 7
2 10
16 0
18 16
18 8
8 5
6 16
16 18
16 6
4 13
7 2
4 10
0 6
5 8
16 4
0 8
11 18
15 5
15 2
14 1
8 1
4 5
14 4
0 18
5 13
6 7
15 17
5 2
0 13
18 1
10 4
9 10
1 14
6 13
14 2
14 3
0 18
5 11
0 5
7 5
16 14
10 12
9 15
11 6
6 10
5 17
15 14
5 13
7 11
7 18
10 2
2 7
1 4
0 2
10 7
4 7
18 14
16 5
7 8
12 11
15 17
6 8
9 11
2 16
3 9
15 11
8 14
18 10
16 18
9 7
4 10
11 3
3 5
6 7
13 18
18 6
13 5
15 3
13 14
17 14
5 10
6 13
3 5
1 0
2 7
4 6
18 12
6 2
17 12
9 8
8 6
14 18
8 7
3 17
17 5
8 1
15 8
6 14
8 5
2 9
8 1
18 15
0 16
5 10
2 11
16 17
10 5
2 10
5 8
0 10
17 1
4 3
5 18
12 10
1 18
0 18
12 0
12 14
7 15
3 4
13 14
7 15
5 12
18 11
13 6
6 11
10 9
16 9
18 8
8 18
5 8
17 14
8 10
9 16
6 13
17 16
5 10
7 15
6 18
6 12
2 17
1 12
12 10
11 1
18 7
3 7
2 17
13 10
4 10
13 14
5 8
0 8
18 5
4 2
1 7
14 4
2 15
13 14
4 2
12 3
10 15
8 9
10 18
0 15
6 14
7 11
3 5
0 18
10 1
1 8
5 12
9 8
9 3
3 10
3 13
10 6
18 0
17 14
17 10
1 12
17 13
12 3
10 11
10 9
9 0
14 2
6 3
8 7
4 18
10 17
10 1
4 6
17 18
18 15
6 0
5 10
17 5
2 9
13 11
18 10
6 18
16 7
7 4
11 4
11 6
11 12
7 14
8 7
13 4
13 14
10 15
2 5
18 4
15 12
12 11
0 16
7 16
4 15
18 15
16 10
18 8
1 6
0 6
10 14
7 2
6 17
14 5
4 13
10 16
3 0
5 3
16 13
17 1
6 13
13 0
1 12
5 18
16 5
5 7
16 13
6 0
8 2
6 9
12 13
3 16
13 9
16 11
0 11
12 3
2 7
3 4
16 8
3 13
13 9
18 11
3 5
8 7
14 18
1 8
2 14
3 8
8 14
8 1
4 11
3 8
11 4
6 0
8 16
11 14
15 0
14 18
8 3
3 4
2 1
9 5
15 12
13 2
4 0
3 6
8 3
14 1
5 17
1 13
15 12
5 8
12 0
4 18
3 8
3 6
9 8
3 18
5 4
15 5
10 5
5 3
6 10
1 4
1 16
14 6
3 4
6 7
3 10
15 3
13 3
13 18
3 13
14 8
17 11
10 6
16 15
9 0
4 7
4 5
5 15
12 5
1 15
12 4
6 8
16 6
2 12
9 12
8 14
10 0
5 13
13 17
0 13
18 8
14 5
10 8
14 15
9 10
5 10
14 8
15 11
14 2
1 7
10 15
18 7
17 9
1 13
10 11
12 15
3 14
6 11
9 18
17 1
4 9
15 10
5 4
5 1
6 4
8 13
0 4
1 15
14 2
6 2
10 18
17 14
14 1
3 1
0 2
2 1
11 14
11 13
16 17
14 0
2 4
14 18
5 15
11 16
15 17
15 6
14 13
17 6
14 18
7 11
1 7
13 9
2 5
3 18
0 15
0 2
16 11
18 2
7 16
0 6
12 7
1 7
2 4
18 1
11 18
18 2
5 18
7 6
17 8
2 14
7 15
6 3
14 11
11 17
5 15
15 9
18 0
5 16
8 13
13 8
15 4
4 2
18 9
1 14
16 17
1 12
9 12
4 18
7 6
14 0
15 10
0 18
5 12
18 10
9 11
14 10
14 16
15 6
13 10
4 11
3 11
1 4
10 8
11 2
8 4
13 5
3 18
11 13
14 18
0 6
14 7
17 6
4 11
12 14
2 13
7 2
5 8
3 12
14 11
15 0
13 6
6 13
2 14
7 16
10 7
0 5
14 15
11 15
7 1
11 6
15 5
17 1
8 11
15 17
4 16
11 10
0 5
12 11
10 6
2 17
3 5
10 18
13 3
3 15
14 6
11 10
11 6
12 17
17 5
15 18
18 4
9 15
9 18
7 0
2 10
15 6
12 3
2 6
6 2
18 9
10 6
2 17
15 0
12 2
12 17
16 18
14 3
18 2
4 1
9 16
4 2
0 7
9 3
10 8
2 0
16 9
2 14
5 18
4 8
16 3
5 16
17 6
12 16
7 10
7 4
15 9
1 3
15 1
13 2
4 10
18 10
10 12
9 14
14 15
9 17
17 3
12 4
15 9
11 6
13 12
18 4
13 2
16 12
12 18
16 1
17 4
11 8
16 17
1 8
13 10
6 12
13 15
16 6
6 9
0 18
9 1
10 8
15 3
18 14
16 0
10 17
11 15
11 9
16 1
4 7
7 13
17 4
10 4
7 16
14 4
13 4
6 1
9 2
4 8
13 17
8 1
15 16
17 7
4 14
8 3
13 2
1 14
9 3
2 4
17 3
14 18
9 15
8 16
14 0
14 0
1 10
17 18
14 2
14 1
7 14
14 6
12 9
12 15
8 16
10 11
11 6
18 4
12 4
1 7
4 15
7 3
3 2
18 1
10 0
5 11
11 15
1 5
8 6
18 0
14 8
6 13
12 15
15 14
3 16
7 8
0 11
7 0
7 9
10 4
14 13
15 4
6 13
6 14
0 2
11 10
15 6
1 11
18 15
15 3
1 13
11 8
13 18
17 1
3 10
11 18
11 17
9 17
10 9
0 2
2 8
17 5
9 7
1 5
3 16
5 1
10 14
9 1
13 5
0 14
12 11
10 4
7 1
2 14
7 18
16 6
7 12
11 16
0 12
18 0
7 2
1 17
16 7
16 10
9 16
2 5
13 3
9 14
2 4
2 18
6 11
17 4
8 0
8 12
2 9
10 18
13 4
7 4
17 9
6 1
0 7
10 11
9 12
11 17
18 0
15 0
8 1
0 16
13 3
3 2
18 13
3 17
2 10
2 3
10 9
10 3
18 3
14 8
11 12
4 11
5 4
0 4
4 13
17 4
13 16
1 8
1 4
6 0
14 5
3 14
13 6
11 14
17 0
6 10
4 18
12 5
15 16
6 10
12 8
1 9
9 7
10 13
7 3
18 7
6 11
2 9
3 16
7 0
0 14
1 18
4 6
15 2
9 3
14 17
4 1
4 11
6 15
5 10
15 4
18 12
17 8
15 11
12 11
4 10
11 8
13 4
10 4
4 2
2 5
1 4
13 7
0 18
17 12
1 13
11 13
11 0
7 3
9 0
15 13
11 4
18 5
5 7
6 9
6 8
7 10
3 11
7 2
7 0
0 1
11 14
13 8
18 13
14 15
6 8
4 7
7 9
14 13
15 2
0 5
9 10
8 18
14 7
6 14
8 7
3 0
17 11
18 9
6 11
15 11
16 1
16 4
10 11
17 4
10 15
9 17
6 14
16 2
18 3
13 4
7 17
1 6
6 16
15 10
9 8
18 6
9 15
10 17
5 2
12 1
8 10
5 3
7 4
18 7
17 4
15 12
5 2
16 3
14 4
9 0
3 15
7 16
3 5
18 8
7 11
10 15
3 12
15 7
16 11
15 11
15 11
2 18
10 18
18 2
0 8
2 0
1 6
16 4
11 15
12 15
8 0
8 9
4 15
6 16
8 15
9 16
17 5
4 13
1 6
10 6
6 10
7 12
8 11
5 1
2 17
6 18
7 14
9 11
8 12
5 16
8 12
14 3
17 18
13 16
3 4
3 9
12 11
18 1
0 1
18 0
6 18
7 1
8 15
6 17
18 4
4 11
15 4
6 11
15 3
11 16
7 17
9 15
17 7
15 18
7 15
18 13
14 3
11 0
0 18
14 18
0 18
7 12
4 13
1 16
17 13
13 2
11 4
17 6
11 10
6 18
6 2
9 17
3 18
14 3
17 10
18 14
6 4
7 0
5 4
14 15
18 16
5 3
11 3
14 8
6 14
17 2
17 16
16 17
11 4
16 3
8 3
7 15
3 13
1 15
6 16
9 11
16 2
1 8
2 15
16 5
7 15
7 5
9 2
3 2
6 16
5 14
0 10
8 1
1 6
16 7
3 16
0 2
17 5
1 10
3 7
18 15
14 1
5 13
2 4
1 18
7 12
16 17
1 17
15 7
11 3
10 14
16 7
14 13
15 3
13 3
18 9
15 0
11 9
18 13
7 15
17 1
12 2
7 8
7 15
8 14
7 6
3 2
17 13
18 1
7 18
0 16
14 17
5 13
18 12
9 16
10 18
9 13
3 14
1 15
4 15
4 10
15 3
8 9
2 7
13 2
4 7
13 18
13 18
13 9
9 0
4 0
16 10
10 16
6 8
13 10
5 17
17 3
5 1
10 18
0 12
7 13
11 1
10 5
10 0
3 11
16 0
3 8
13 9
16 7
16 18
2 14
17 1
14 3
18 3
18 15
6 9
7 0
10 15
16 10
4 11
7 0
1 13
13 9
10 13
8 2
8 9
17 8
5 17
7 4
13 14
11 17
18 8
5 11
3 12
16 14
0 1
14 18
15 8
8 6
18 13
9 7
4 15
9 2
1 11
12 0
7 8
8 13
1 8
6 14
3 4
15 14
3 11
4 8
15 0
2 8
3 1
10 5
18 14
11 18
2 1
4 15
18 13
0 13
16 4
6 12
7 15
13 15
11 13
14 13
18 13
17 9
18 16
5 10
9 4
12 7
5 6
6 18
6 16
13 7
3 6
14 18
16 7
7 2
17 7
17 11
2 4
7 18
9 17
5 10
8 12
16 14
15 17
12 9
5 13
12 16
9 6
1 17
14 0
12 18
18 5
1 0
9 16
10 8
3 1
16 12
17 8
6 11
6 15
17 8
9 8
5 0
14 6
14 6
3 4
5 2
9 6
3 16
1 10
5 4
