27
17 26
0 17
22 12
13 7
26 15
20 2
18 11
24 6
18 9
19 7
12 11
25 17
0 10
24 25
5 18
4 11
17 4
1 13
17 14
9 16
18 2
8 25
2 5
5 21
15 24
17 0
24 15
6 25
14 3
12 20
10 16
4 0
21 22
2 0
25 11
5 17
3 13
15 5
19 9
15 23
23 5
12 20
10 18
7 24
10 19
6 20
25 0
9 8
22 12
8 20
23 13
26 0
15 21
8 13
25 20
9 4
5 19
3 12
26 16
11 8
12 20
22 12
2 3
7 14
11 16
0 13
16 15
2 20
25 26
22 24
19 5
17 13
13 20
14 1
25 9
10 7
20 22
10 23
18 13
23 24
13 26
2 1
22 16
17 13
9 11
3 12
24 23
26 11
14 24
21 18
6 20
3 13
7 16
10 9
15 12
0 5
23 17
22 3
3 21
14 7
6 1
19 21
16 3
24 13
14 8
20 9
1 13
22 24
2 22
7 6
23 7
11 9
24 7
12 1
17 15
24 12
16 22
5 9
20 8
23 17
17 5
7 3
16 5
21 11
1 0
24 8
1 6
22 24
18 12
14 6
9 26
12 14
21 6
23 3
3 8
20 21
13 1
13 3
22 24
3 23
24 0
20 25
6 4
22 13
16 25
20 14
24 21
2 19
0 14
11 4
23 5
14 9
22 16
1 6
13 21
2 0
21 11
14 17
5 26
3 21
24 12
25 11
6 0
3 23
3 16
26 8
3 25
19 8
26 25
22 20
16 11
4 1
25 21
6 24
13 16
11 26
14 22
5 3
14 1
7 17
17 22
26 9
20 18
18 9
17 2
2 22
13 22
23 0
5 18
14 19
24 25
18 0
20 12
20 23
14 16
13 20
11 1
3 5
9 10
14 15
1 5
10 3
17 23
3 22
14 17
14 0
4 21
1 24
7 21
9 21
10 23
3 21
24 22
15 22
21 18
10 22
24 21
25 14
17 2
25 20
8 13
21 13
7 11
26 3
5 9
13 4
21 17
14 7
12 3
3 7
21 13
18 7
23 17
10 2
8 9
23 5
11 6
18 7
17 7
11 5
24 15
26 3
2 6
16 21
25 12
5 1
19 1
24 9
12 0
6 21
12 5
18 19
12 24
15 12
8 20
10 23
8 13
14 15
18 25
2 19
3 12
4 17
10 5
17 26
18 20
25 26
22 15
23 3
8 6
15 17
9 18
21 16
16 23
25 19
16 26
13 6
9 18
12 15
7 3
6 16
17 22
0 12
10 24
4 18
19 8
24 1
26 7
7 5
20 5
13 9
4 26
4 2
7 16
18 3
8 13
19 25
8 20
26 7
6 19
15 25
16 12
16 15
9 23
9 2
17 23
0 10
22 4
1 18
20 19
21 17
22 14
4 19
23 19
0 2
11 15
0 16
5 4
25 17
14 16
7 26
16 6
21 20
8 2
2 16
23 19
11 26
23 20
22 4
20 13
15 24
3 4
2 8
25 17
26 1
6 22
0 23
2 10
5 26
12 8
15 25
16 24
2 9
9 6
18 22
11 4
14 4
22 12
2 12
11 19
19 22
8 4
13 19
9 12
20 6
17 18
23 22
16 25
20 25
20 0
9 4
4 13
9 15
25 0
1 25
20 9
20 17
13 23
9 11
24 19
18 14
10 3
25 15
17 18
2 10
18 1
4 11
14 13
0 12
2 17
10 22
26 19
13 12
15 11
12 13
19 16
19 22
4 23
1 22
26 1
3 16
5 3
3 7
3 4
9 20
14 21
8 22
23 20
11 23
6 13
16 25
18 8
10 22
4 11
7 19
12 10
8 6
13 0
13 6
4 12
15 18
22 24
3 18
6 14
14 12
16 19
0 7
16 26
19 10
26 2
1 25
0 7
11 0
10 17
5 11
22 12
6 19
15 13
25 18
0 7
9 16
4 25
15 12
8 3
11 0
4 9
0 1
9 16
11 16
21 11
11 23
17 3
11 3
17 19
19 17
15 17
6 19
16 10
20 13
14 4
2 18
2 18
19 1
8 19
17 18
3 1
3 9
20 4
12 10
23 21
17 11
11 23
20 16
23 13
19 10
7 21
17 25
2 26
26 7
16 6
0 6
10 9
26 14
11 26
26 5
16 26
5 1
19 22
13 22
14 12
18 24
19 16
26 18
5 25
14 10
5 14
17 4
24 5
18 8
20 17
2 25
5 7
16 25
18 2
9 21
15 0
19 23
5 7
14 10
6 17
10 0
5 0
4 18
21 11
15 17
17 13
22 13
2 20
21 18
15 25
7 21
13 15
24 12
10 14
22 10
19 11
3 10
6 14
25 21
4 23
26 18
26 9
12 20
16 18
24 12
26 1
9 0
0 12
12 26
5 23
2 4
18 5
19 12
9 23
9 24
3 24
22 4
6 1
21 24
25 7
25 13
24 23
13 24
8 25
23 2
11 25
23 2
19 15
4 17
0 2
14 20
15 26
24 21
0 7
7 14
3 5
0 17
2 13
14 17
9 6
1 23
2 19
15 6
12 5
22 3
9 15
18 24
2 12
13 25
19 0
2 13
16 18
19 18
5 7
8 14
13 25
0 4
18 15
10 19
21 23
19 10
14 16
12 16
2 10
8 2
1 11
7 20
3 25
14 26
7 1
12 21
1 5
1 6
4 21
16 26
17 8
9 20
13 10
9 15
20 7
6 11
7 13
4 10
11 18
10 7
8 11
18 26
17 19
5 10
13 10
9 19
18 13
4 1
11 8
11 18
14 22
14 16
15 14
16 22
13 3
24 4
18 3
23 12
14 10
22 12
2 20
4 22
10 16
3 21
23 6
5 11
22 9
25 12
4 11
25 24
24 2
15 17
14 17
4 24
12 5
16 15
25 20
26 9
9 3
19 6
9 25
6 21
7 20
6 1
4 20
25 17
11 2
7 25
19 0
12 5
6 1
9 4
21 8
13 20
0 6
15 26
20 21
20 0
14 15
1 7
24 15
24 18
5 22
10 5
23 4
11 24
2 5
8 0
18 1
0 13
16 15
6 26
8 23
2 12
13 9
25 2
22 9
16 7
8 22
3 13
22 17
15 0
25 4
8 15
21 20
9 17
19 7
2 10
19 15
8 18
6 3
2 4
20 9
13 4
13 26
26 3
3 16
17 8
24 5
2 7
25 0
13 6
7 15
5 16
20 13
23 15
5 25
20 25
8 6
18 10
5 7
2 24
23 19
21 9
24 12
16 11
13 19
6 9
7 11
25 16
24 10
5 2
9 25
17 6
4 8
16 25
4 18
11 0
10 6
9 23
18 15
23 20
7 2
3 13
17 9
26 1
14 17
26 1
7 5
21 5
21 8
9 12
19 26
11 14
24 7
22 12
3 15
8 21
7 1
7 14
26 22
15 13
12 3
3 9
8 24
3 2
5 1
3 24
0 14
12 25
10 7
26 2
11 24
23 8
14 19
22 13
14 26
15 26
2 18
8 10
15 11
1 9
13 4
6 2
7 16
17 3
16 8
4 2
4 12
16 23
7 18
26 22
6 25
24 23
23 1
23 24
10 25
17 5
1 24
13 6
3 5
11 9
13 4
10 18
16 6
9 15
1 15
2 25
1 25
21 2
11 7
12 9
24 18
26 10
20 6
13 14
17 13
13 20
17 23
11 22
19 10
10 20
25 13
8 16
0 2
18 11
26 20
10 23
0 25
7 9
4 9
23 11
23 25
4 2
11 4
14 3
14 24
23 2
26 4
18 16
23 25
16 22
7 26
7 14
3 5
18 13
18 25
16 11
16 0
16 3
19 17
5 21
16 25
1 21
10 16
11 21
23 26
2 4
13 5
25 21
7 16
1 5
6 13
22 18
14 4
26 4
9 10
21 7
11 15
7 16
15 1
13 15
19 6
17 14
4 11
21 13
16 15
0 11
22 14
15 21
19 13
4 13
10 5
17 21
22 18
7 26
11 2
16 25
7 17
19 17
19 24
6 23
24 6
18 12
22 12
4 24
6 7
11 12
24 5
7 16
2 22
16 4
1 14
0 18
22 6
26 9
12 22
6 19
13 18
3 14
11 0
20 17
8 4
19 21
26 15
10 1
11 15
21 12
18 11
19 14
17 18
12 3
13 18
11 15
10 14
2 10
3 23
1 11
0 9
6 26
24 5
16 8
10 11
9 1
22 1
4 12
19 16
4 21
8 15
9 7
18 12
17 22
24 7
22 13
16 17
13 14
12 18
11 22
18 21
23 13
11 1
15 20
17 8
14 13
13 21
4 14
1 15
11 8
0 24
14 17
26 17
18 1
13 9
11 26
12 23
16 6
24 19
10 5
20 4
19 21
19 3
19 17
22 26
5 12
17 23
2 4
22 14
3 23
26 19
12 4
14 25
23 13
9 2
7 13
21 17
21 14
9 14
20 13
25 5
3 11
24 23
22 11
