15
10 1
13 4
10 9
1 6
13 12
13 4
13 8
3 4
1 10
14 2
4 12
8 4
8 6
1 9
8 7
11 10
6 7
5 0
8 13
13 14
10 11
3 8
11 13
4 9
3 6
5 7
7 1
7 5
2 1
14 2
4 9
8 11
6 0
12 4
14 11
6 2
6 14
14 4
4 10
5 14
9 10
14 1
11 6
13 6
0 12
8 4
13 1
8 11
1 5
0 7
8 6
10 14
13 1
10 9
11 1
0 5
3 14
13 0
6 12
13 6
9 6
2 0
14 10
11 7
7 4
0 2
10 6
0 11
2 1
14 10
2 5
13 1
3 5
14 0
3 12
2 9
0 9
0 2
5 8
10 9
8 10
12 10
2 4
13 11
6 12
13 0
2 11
1 6
9 8
13 12
5 7
14 12
1 14
0 7
14 2
8 7
4 12
9 13
9 7
1 0
5 14
7 3
8 5
12 1
11 1
14 3
0 11
5 7
3 4
6 5
12 6
2 0
7 11
0 9
3 5
8 10
4 3
3 2
0 12
13 2
11 8
9 14
13 1
3 9
0 14
13 9
1 13
2 12
5 11
0 10
11 2
7 0
12 9
7 9
14 1
12 7
11 12
13 4
7 14
11 7
13 9
2 14
0 4
11 5
7 3
8 10
12 0
2 10
1 10
11 0
11 9
14 13
4 11
5 4
7 4
2 13
2 5
7 1
1 7
12 13
7 6
8 1
5 0
5 6
7 4
11 7
1 7
0 12
10 2
11 4
4 5
9 3
7 2
11 1
10 2
1 11
11 13
11 1
4 3
12 7
7 5
8 14
12 13
9 14
