37
34 6
33 23
34 29
22 27
10 11
36 33
24 32
31 3
13 3
7 36
1 10
23 17
12 0
9 18
0 10
13 6
7 36
18 14
36 8
24 25
23 20
28 18
29 31
10 17
9 11
5 10
6 17
10 15
35 25
15 9
1 36
31 16
18 8
15 4
32 19
27 30
10 24
0 4
34 10
36 21
36 4
31 5
21 19
35 7
14 22
24 28
16 18
24 11
29 34
30 19
5 3
6 5
8 3
30 22
24 29
27 33
12 11
15 10
9 1
24 9
3 31
25 21
18 27
32 10
2 4
30 7
7 14
12 30
33 5
16 35
12 6
32 24
32 25
35 20
26 0
29 7
31 18
28 13
23 2
23 26
21 31
33 28
9 24
22 5
7 16
3 20
22 13
7 32
2 20
15 6
21 8
14 15
4 20
28 27
0 30
31 21
24 6
13 11
8 13
16 15
29 35
35 29
11 21
24 28
4 18
35 3
26 27
19 8
10 25
35 11
33 8
32 21
29 23
10 0
36 5
15 6
3 29
13 29
28 16
36 10
34 14
1 24
11 9
12 14
22 23
11 30
34 10
0 20
20 0
35 25
31 19
6 1
11 36
7 27
13 17
2 25
9 18
27 20
27 2
35 12
26 24
21 1
34 36
21 32
0 34
21 9
17 5
10 6
19 17
33 32
12 13
20 22
31 10
5 21
13 18
11 17
5 10
18 17
10 17
13 25
30 12
34 25
17 22
31 0
2 5
10 14
18 31
36 27
4 20
26 32
1 0
27 22
26 23
2 14
4 15
2 12
27 36
0 23
36 9
1 14
11 30
10 5
8 0
25 28
26 35
7 4
26 29
8 12
32 22
31 25
24 21
31 1
21 17
0 8
33 16
0 7
10 28
33 25
31 24
29 9
34 33
2 5
24 12
6 18
0 8
3 9
10 2
4 25
26 0
20 26
8 15
14 4
3 8
6 33
15 8
12 32
28 36
7 34
32 23
6 13
32 31
31 0
34 20
15 17
9 23
25 24
15 7
6 1
13 17
17 29
25 7
2 16
21 10
29 31
11 35
8 21
29 2
36 26
0 15
22 24
16 10
12 32
18 33
33 9
13 28
16 35
19 32
34 29
2 29
18 0
0 2
7 17
2 12
17 32
34 4
11 22
31 21
18 5
33 28
18 24
7 34
1 26
8 35
33 10
27 29
26 5
32 33
0 12
23 32
22 20
15 11
6 9
33 2
30 29
8 26
31 16
2 32
20 10
9 32
35 36
24 2
20 34
14 35
24 0
31 9
21 9
21 5
33 32
7 26
24 31
31 33
10 33
29 8
21 1
18 34
15 6
0 13
18 14
12 6
14 21
30 13
8 14
18 4
9 4
9 11
35 3
8 23
14 15
9 35
16 28
32 9
34 32
23 30
9 13
36 2
34 30
15 5
22 12
24 10
16 11
21 29
29 7
15 6
22 24
4 16
15 0
26 27
10 27
21 35
18 35
0 15
28 15
35 29
5 0
2 21
12 23
13 19
9 6
26 31
9 8
26 2
23 15
8 12
20 7
10 1
5 25
31 12
18 7
4 24
7 6
8 34
7 0
32 31
21 26
8 7
15 11
31 8
19 21
6 26
31 7
9 19
16 21
0 23
3 24
8 24
11 6
32 11
1 26
10 0
30 19
7 23
30 16
9 27
0 15
31 9
0 3
28 16
3 7
17 6
31 26
31 20
32 4
9 11
8 20
11 2
2 33
3 10
28 15
6 9
31 22
27 22
16 30
7 34
0 17
23 31
0 33
13 10
7 21
8 33
23 25
7 5
35 33
28 20
17 15
14 17
5 14
34 14
22 31
14 17
17 23
17 13
36 5
35 13
31 0
1 5
14 15
16 5
13 11
20 27
29 4
19 26
18 19
35 10
36 30
11 17
21 25
22 19
23 14
28 23
15 29
6 30
22 35
35 12
34 3
4 1
23 8
34 5
6 22
5 14
33 0
35 36
0 32
22 14
23 24
30 23
16 31
36 29
6 33
33 25
12 19
33 9
2 17
31 7
31 5
7 29
4 8
24 5
0 25
29 30
18 0
16 12
9 16
20 15
27 16
3 13
14 27
15 31
22 1
25 5
23 32
10 9
19 30
10 22
0 3
19 0
35 9
25 29
29 18
19 23
0 22
14 13
30 9
13 9
34 18
32 30
6 20
27 14
30 28
14 33
10 30
9 19
18 1
27 36
21 13
36 21
28 29
34 36
1 25
8 13
7 18
21 28
1 27
6 9
18 35
21 6
28 30
25 24
32 15
2 31
7 16
15 35
8 13
12 24
1 35
1 23
16 0
30 33
27 14
5 23
12 4
29 4
35 33
6 8
26 8
2 33
25 17
9 33
8 21
36 25
19 0
26 14
15 19
25 21
33 8
7 24
13 15
6 11
11 12
19 0
21 36
34 24
16 6
35 25
6 34
13 3
12 17
17 28
0 5
12 11
14 19
35 5
34 4
31 23
17 28
24 16
27 36
18 6
20 16
9 26
14 0
30 26
18 25
32 33
9 7
7 1
5 6
6 17
25 0
4 20
28 6
14 18
5 32
2 25
12 27
30 4
27 1
8 23
4 19
13 26
27 14
31 11
35 12
14 35
16 35
4 22
12 0
5 8
3 8
35 8
16 17
13 17
25 0
0 7
34 13
34 24
6 13
4 18
28 18
12 4
0 12
16 1
17 2
19 26
15 27
20 32
3 16
36 18
16 21
16 29
18 13
3 32
33 21
1 14
34 5
29 24
36 30
5 17
27 9
10 32
29 6
36 8
20 32
2 4
11 32
1 30
23 4
3 19
3 19
11 15
2 4
3 16
12 23
33 3
10 22
13 17
28 27
4 26
23 6
8 34
16 24
5 3
6 23
22 10
20 12
3 22
16 6
17 6
7 13
24 17
35 1
35 4
28 2
8 14
23 32
27 3
19 10
6 26
34 6
14 17
18 17
18 12
2 35
19 9
26 21
5 3
22 18
22 29
35 31
6 21
26 11
24 23
22 30
12 34
0 4
29 33
22 10
9 2
23 6
26 13
5 31
31 6
12 16
35 10
25 19
10 29
31 34
16 31
6 11
35 17
11 24
4 13
10 25
2 1
31 12
32 0
2 12
35 13
0 17
1 8
26 35
24 35
4 30
4 25
19 3
6 8
5 25
21 15
14 2
17 8
29 12
8 31
2 21
22 18
16 23
26 21
22 28
19 4
36 24
30 19
5 14
27 25
2 27
3 31
7 35
2 36
26 25
8 28
9 31
9 26
17 13
25 17
4 7
22 4
9 30
1 29
7 6
17 24
11 21
19 18
34 36
32 23
25 4
15 12
35 2
16 30
16 4
11 35
12 33
2 21
26 3
29 11
10 9
35 21
8 32
18 6
32 28
29 35
32 7
10 8
25 27
2 4
31 13
17 21
24 20
21 13
1 13
24 11
22 0
11 31
33 7
15 6
35 7
4 31
30 14
17 18
19 0
14 10
17 35
34 15
34 10
17 10
12 6
11 13
17 20
24 2
35 8
1 5
12 10
35 4
27 16
24 10
31 1
35 12
14 33
27 12
6 7
0 34
29 11
25 24
31 27
27 29
35 28
13 10
1 11
14 28
6 1
16 0
17 15
27 10
11 18
0 32
3 0
7 32
12 32
35 21
22 25
29 20
16 5
8 32
16 1
23 22
2 18
1 35
33 28
8 22
24 23
32 28
23 3
1 13
13 36
35 36
24 27
34 18
32 6
13 26
7 15
12 24
33 28
22 7
19 8
7 31
2 13
33 20
29 9
34 7
7 33
9 12
30 28
7 36
19 12
21 34
24 9
30 9
15 12
33 22
34 5
25 1
23 18
11 20
3 33
16 12
9 25
3 31
2 23
6 24
35 8
11 7
16 20
22 7
31 8
4 0
11 8
1 12
4 12
33 7
24 27
19 11
15 23
20 33
24 5
20 22
13 9
29 8
7 30
15 2
16 19
2 5
5 3
17 9
31 13
16 33
4 14
7 34
0 27
30 2
32 28
2 24
0 10
32 23
3 25
25 19
7 5
24 28
8 19
0 17
33 32
28 15
9 35
12 24
4 21
26 14
12 6
16 28
16 26
14 19
14 17
16 0
22 18
28 8
1 6
26 34
1 32
27 25
31 17
12 13
1 16
5 14
23 22
20 17
26 34
0 4
29 16
19 14
35 10
22 14
31 26
26 11
22 16
36 31
33 27
7 35
21 27
27 22
12 10
3 17
22 18
36 14
12 18
6 10
6 28
2 0
18 28
11 3
7 26
34 19
31 19
17 15
9 22
16 0
10 19
32 15
31 24
27 12
30 16
18 36
18 33
17 10
23 35
32 12
10 14
21 7
9 14
17 31
30 32
4 27
27 14
5 21
16 33
11 24
27 29
24 8
25 19
33 26
18 29
1 6
6 0
14 16
15 9
25 8
19 8
14 9
0 19
8 17
30 19
4 20
26 6
7 29
26 3
19 22
32 35
6 17
36 20
11 14
7 14
0 26
22 14
13 23
12 36
18 20
33 22
19 22
7 4
30 33
7 27
33 18
25 2
35 2
1 24
31 23
1 32
13 24
24 4
25 14
4 6
13 15
6 32
16 13
36 9
24 21
14 20
2 1
15 20
17 2
14 3
4 24
31 6
27 36
31 4
18 15
32 11
21 5
27 35
4 14
0 4
28 36
6 9
0 22
29 17
2 21
35 6
9 30
27 14
7 21
33 3
36 29
14 36
34 5
12 17
19 12
21 11
11 5
35 11
27 6
8 11
5 14
35 20
27 20
4 24
23 19
16 15
18 13
20 30
8 18
20 29
7 32
35 5
21 3
10 28
11 36
11 4
13 24
24 3
7 6
27 8
3 6
23 36
35 22
7 21
3 28
14 25
23 27
8 7
8 18
13 20
32 24
2 8
11 4
12 33
25 2
4 29
24 28
6 0
13 14
21 31
20 13
34 21
18 5
6 27
1 20
25 33
22 27
20 34
9 32
30 34
12 13
4 14
4 11
29 17
3 14
26 23
5 23
7 24
6 13
14 7
11 2
18 34
7 1
9 16
11 17
28 2
30 33
31 34
7 24
29 25
16 33
11 21
19 33
8 25
9 0
10 21
17 7
33 24
23 5
18 13
22 10
15 16
6 9
28 33
36 31
12 32
5 12
30 1
35 33
25 36
7 24
31 29
35 19
15 3
15 28
4 25
6 35
9 31
26 15
5 3
9 18
14 29
8 7
8 6
18 12
20 25
36 15
32 35
12 11
16 27
2 20
31 24
18 3
18 23
34 23
26 6
19 3
36 27
25 22
12 7
34 32
10 12
10 6
25 22
32 4
28 34
25 22
21 25
17 7
0 19
12 7
1 30
21 7
34 6
19 29
29 31
3 13
19 3
8 23
9 21
26 31
20 26
35 1
11 35
20 23
20 36
32 4
6 29
26 3
11 8
33 18
17 14
10 36
32 33
0 5
17 5
14 1
9 12
2 20
26 0
22 9
36 17
29 21
24 33
24 13
19 35
9 36
12 19
13 23
16 28
6 11
11 20
12 20
11 29
19 15
29 4
2 29
36 31
28 1
5 15
14 2
14 23
16 4
21 29
5 0
36 11
11 10
10 2
9 21
31 28
36 2
