39
2 14
10 24
1 22
30 17
14 4
6 22
9 18
37 2
15 37
16 22
12 30
14 15
0 34
15 37
1 37
25 4
2 24
17 31
7 8
10 11
12 5
22 12
20 24
27 18
30 38
19 21
14 24
22 9
0 20
0 26
34 4
28 9
10 21
5 18
20 16
30 14
38 2
26 8
16 4
16 7
3 35
28 17
20 0
27 9
10 27
36 33
20 14
3 30
24 9
37 5
25 17
19 14
20 35
22 36
0 38
32 3
24 10
21 5
11 37
4 10
14 1
4 34
15 8
14 1
6 12
34 20
29 4
34 38
0 7
24 28
6 17
20 19
28 30
14 28
28 18
38 3
19 3
26 23
0 29
13 6
2 37
27 21
2 11
9 30
18 34
8 14
1 28
33 18
20 8
7 37
26 6
2 34
38 17
8 38
8 10
34 38
8 11
20 38
22 19
18 2
14 15
5 4
5 38
23 14
36 30
12 23
26 3
8 14
21 16
13 18
26 36
17 24
8 27
23 31
7 31
22 10
7 27
14 1
26 37
15 23
18 28
36 33
20 5
8 2
10 21
20 25
8 27
10 16
15 23
8 22
4 30
21 11
7 35
13 23
23 17
35 30
34 32
24 16
26 32
18 25
3 28
12 11
5 11
28 20
23 25
31 27
6 13
28 13
37 30
36 10
8 33
1 4
15 25
20 31
7 27
17 11
5 18
22 10
30 0
30 14
26 11
31 32
13 20
6 12
11 32
11 8
26 13
12 30
38 32
22 35
10 1
7 15
19 18
26 38
19 6
3 34
7 34
16 20
4 11
21 4
4 33
12 19
7 25
11 34
7 33
30 17
23 26
22 32
6 9
31 14
4 34
9 11
18 14
21 11
25 3
15 30
36 28
38 32
3 10
17 10
33 8
17 24
0 10
30 37
31 5
30 15
3 34
17 13
34 3
16 11
22 3
28 22
35 20
32 13
19 15
11 36
33 35
25 32
15 12
24 9
4 1
12 35
24 18
9 19
21 14
19 33
17 36
16 3
17 37
5 37
14 5
23 8
1 38
29 5
11 15
14 4
16 15
0 29
33 37
37 16
13 18
38 30
4 15
33 22
13 28
9 16
33 21
13 35
20 4
29 21
19 5
25 24
9 15
14 4
13 12
9 26
19 8
7 24
23 29
35 25
18 33
3 13
15 16
37 25
20 27
35 28
21 13
31 36
16 35
0 18
33 26
37 2
33 11
25 13
7 0
31 1
31 5
6 9
3 20
18 20
16 8
2 37
10 22
24 16
7 24
34 1
0 32
3 23
5 17
36 1
18 28
31 10
34 37
8 26
18 16
7 34
13 38
21 23
21 34
0 29
8 34
19 9
17 23
32 11
1 18
12 8
7 4
8 30
30 16
18 9
32 14
32 6
13 4
19 24
27 8
3 36
32 22
34 10
6 27
21 36
6 22
33 2
27 2
33 18
19 1
17 1
15 38
36 18
3 16
31 20
13 34
17 6
6 12
5 13
28 15
38 23
38 32
25 15
24 8
22 32
9 28
33 14
28 19
21 20
35 13
1 38
36 18
5 3
19 0
5 8
15 32
31 3
26 7
18 0
15 30
32 14
19 26
28 8
7 38
29 31
12 30
19 37
38 25
1 18
25 35
16 29
28 36
33 4
4 12
4 20
3 36
23 13
12 20
9 0
38 29
12 19
10 38
18 24
28 25
10 24
2 28
14 28
22 7
32 35
12 2
27 37
25 0
0 26
21 9
26 20
28 27
0 38
26 7
23 16
22 1
13 11
4 2
34 12
35 19
13 26
35 0
13 25
1 0
35 38
27 5
27 4
34 26
31 2
38 36
13 21
26 27
22 31
29 6
32 14
14 34
2 38
34 15
24 4
20 24
20 26
12 25
10 0
17 1
38 3
15 10
29 3
32 10
21 27
3 36
2 26
27 1
22 3
26 7
35 20
17 11
33 3
21 33
9 12
21 12
27 20
30 19
13 2
1 5
26 31
21 14
33 4
6 9
0 3
33 21
20 34
15 12
5 37
21 17
8 22
5 29
13 24
31 15
15 22
10 2
14 31
17 36
24 12
34 13
15 18
23 24
13 27
36 18
25 7
25 23
18 30
2 32
5 33
36 9
16 35
11 20
16 17
17 1
30 2
15 34
20 27
20 22
16 6
1 2
14 26
14 32
7 16
14 1
11 1
38 16
36 10
36 14
17 4
4 36
34 8
20 15
36 1
26 13
8 27
4 11
4 19
4 0
24 8
29 24
9 28
2 34
27 37
33 20
3 19
15 0
1 19
36 30
6 38
27 23
4 38
16 12
32 5
36 1
23 22
38 12
13 22
28 29
21 12
11 13
31 15
13 21
35 0
13 30
38 1
3 31
29 8
4 22
13 30
12 36
2 0
37 15
22 16
5 4
28 5
6 20
21 20
3 6
20 5
36 8
6 29
1 35
37 33
7 12
24 19
37 15
19 25
19 3
2 25
35 30
19 3
0 1
12 31
7 21
36 33
29 32
12 19
17 10
14 25
11 27
33 38
4 14
24 23
6 26
37 30
6 18
22 34
8 34
27 5
5 13
27 35
6 0
4 13
10 18
38 22
7 32
10 0
35 34
23 30
10 22
22 16
29 5
11 37
29 27
3 34
2 30
19 8
30 13
21 30
31 9
2 27
31 12
27 7
1 8
17 12
30 22
2 24
33 0
3 22
32 27
24 23
35 21
4 9
32 34
30 36
7 22
37 24
11 5
25 19
11 37
38 33
0 12
16 28
16 38
21 32
12 6
28 23
38 5
33 29
35 19
36 19
17 21
19 11
35 27
22 33
15 16
22 27
32 12
32 21
22 25
22 17
15 6
16 3
11 38
21 8
18 7
16 24
18 35
35 14
12 18
37 27
23 20
15 6
21 9
27 5
23 38
22 38
6 28
30 6
27 12
3 35
20 19
20 38
4 17
13 16
24 11
4 37
21 9
4 31
18 20
25 30
19 37
30 25
26 10
21 14
23 24
10 4
33 20
3 37
26 5
4 11
6 8
9 16
17 2
8 24
22 34
16 31
21 35
6 8
6 27
11 18
2 11
22 35
31 14
22 18
9 15
18 15
24 17
31 30
19 28
5 31
12 10
23 33
34 29
2 29
7 3
9 14
31 33
6 35
16 13
5 32
31 20
6 9
1 25
18 29
19 10
31 29
22 25
24 12
17 15
19 20
13 17
34 5
11 29
1 17
31 34
38 23
15 5
22 5
19 1
24 0
0 16
18 11
2 32
23 8
8 32
28 21
10 12
15 11
30 6
28 22
1 27
7 6
21 18
11 1
19 35
29 8
1 9
19 4
2 31
1 38
13 30
9 13
31 13
24 23
19 13
6 10
1 2
5 11
20 5
1 28
30 31
36 31
29 5
24 31
26 19
0 6
28 13
37 30
37 21
11 17
10 1
19 4
1 9
3 29
0 34
16 21
24 21
6 5
8 21
24 9
27 2
11 15
32 10
36 32
10 14
31 1
34 35
2 35
34 5
14 23
28 30
5 2
13 1
35 10
22 9
8 11
11 20
26 33
19 12
15 29
16 8
30 0
32 22
24 27
27 38
12 6
30 6
8 32
7 33
31 30
3 1
30 4
10 6
26 29
7 2
19 23
38 0
23 21
22 8
37 38
36 38
5 27
6 3
9 13
25 1
32 28
30 23
21 1
18 8
30 26
11 0
38 28
12 20
0 9
19 38
6 18
33 22
24 25
31 27
11 22
20 28
13 33
11 4
1 8
34 16
8 23
5 8
1 17
28 1
26 36
29 22
16 23
5 29
37 6
37 9
16 15
22 38
26 0
24 11
6 32
23 11
1 25
28 19
26 4
16 26
21 28
32 12
26 19
7 13
28 23
29 0
22 5
27 12
29 27
18 23
11 18
13 36
7 32
13 0
38 18
16 20
8 9
21 23
17 29
26 34
2 16
34 25
21 11
26 1
38 33
24 0
12 26
25 8
20 38
8 19
7 24
28 4
22 11
27 28
1 14
12 31
19 8
6 30
8 32
31 8
26 5
8 27
31 33
35 1
22 33
9 29
7 38
33 19
10 36
0 14
10 31
22 18
38 13
26 20
5 23
36 10
20 24
31 4
10 32
26 4
3 5
0 2
27 8
1 26
6 1
29 16
21 13
23 9
26 38
30 32
23 27
31 4
12 23
36 11
6 12
15 9
17 5
0 33
13 1
10 19
30 0
35 1
2 8
11 29
8 2
11 31
18 31
24 30
16 22
31 22
34 7
20 2
1 20
24 15
10 34
34 29
24 20
30 15
28 2
33 36
32 5
17 11
26 3
31 14
23 3
37 19
23 0
21 32
25 36
31 9
20 21
22 29
12 38
19 4
21 5
36 27
12 9
3 4
1 34
18 24
37 16
4 21
6 25
