37
0 17
7 25
24 19
29 30
11 32
17 36
11 14
1 24
12 8
5 7
14 5
26 16
36 33
5 34
32 11
34 32
7 4
35 31
24 5
2 13
1 35
27 12
28 29
24 14
34 9
28 18
35 23
17 9
28 14
19 18
26 30
3 31
28 34
33 12
15 9
28 13
14 33
3 5
26 27
35 1
14 4
19 12
5 36
36 34
28 19
30 18
12 33
27 18
8 23
30 23
10 21
14 24
33 17
7 22
22 20
23 36
25 6
26 30
20 26
5 27
23 13
23 13
9 13
31 33
14 3
34 24
2 12
26 35
29 11
20 15
32 22
29 20
6 19
28 26
23 34
16 9
25 2
22 13
30 31
9 7
34 6
9 15
18 35
28 26
10 12
19 20
12 11
3 18
30 9
22 31
21 2
3 10
19 3
23 13
35 32
35 10
16 8
25 35
21 17
2 9
7 21
29 34
32 10
15 4
20 0
35 19
17 29
15 20
30 28
33 25
4 7
20 12
10 18
12 5
20 21
27 19
29 24
29 2
17 11
0 33
25 20
13 5
12 28
3 21
34 0
24 2
22 7
29 10
3 4
16 23
4 21
20 33
24 13
13 4
24 14
0 12
34 29
32 24
20 36
23 33
14 11
35 36
18 5
9 22
10 3
23 29
25 7
25 12
35 1
31 22
30 32
13 5
2 8
8 22
22 31
33 36
5 31
13 24
15 23
9 25
4 10
17 29
17 20
19 15
36 29
16 30
2 29
13 4
15 21
4 16
16 1
15 21
10 7
23 25
8 10
28 12
21 23
20 16
6 17
32 21
9 26
29 11
18 5
15 11
27 20
27 21
36 21
20 9
28 7
35 36
32 4
26 16
28 9
33 12
27 6
33 14
32 3
26 28
9 4
2 14
2 8
35 1
29 18
26 35
3 24
12 36
6 1
15 34
26 10
31 32
21 8
5 25
12 33
12 17
36 26
34 22
24 14
14 20
3 27
2 5
2 1
11 18
31 9
22 36
34 16
31 18
3 15
21 15
11 33
10 25
22 8
10 24
22 2
23 3
29 25
8 9
4 19
28 13
28 13
12 3
8 22
22 11
0 21
26 11
18 0
0 18
23 10
21 23
13 22
26 20
10 34
30 29
31 36
5 23
27 18
4 35
3 4
24 18
26 29
29 22
29 7
3 30
33 2
16 9
24 20
7 12
32 0
4 26
14 10
27 5
6 32
18 24
36 21
5 25
13 34
25 20
20 29
13 16
9 7
3 34
5 10
9 0
26 29
26 3
17 32
23 5
20 10
4 15
8 17
27 33
0 10
3 13
26 13
35 7
25 3
18 34
3 7
4 7
25 21
17 12
22 32
32 5
14 25
13 31
31 24
31 19
28 22
24 19
35 31
7 1
12 19
19 34
2 4
23 22
13 9
22 23
19 27
0 23
3 9
32 6
18 14
12 3
16 31
16 11
16 17
1 35
14 15
18 15
2 18
28 26
4 29
8 9
29 9
13 1
4 34
19 34
9 0
13 3
16 2
34 11
19 10
3 33
26 36
11 28
18 17
17 0
9 3
9 16
13 0
17 32
34 14
29 6
29 21
24 23
23 21
34 5
32 15
16 21
14 5
27 32
22 10
9 25
35 25
16 35
20 27
11 34
19 32
4 3
35 27
5 19
2 25
29 17
20 28
32 25
18 5
26 3
31 35
7 29
2 23
5 22
13 31
35 11
27 17
29 3
8 34
22 25
1 30
6 21
21 16
9 3
36 13
21 30
27 28
0 29
15 21
29 6
15 5
32 20
23 25
23 31
0 24
34 1
32 18
0 16
34 25
34 12
1 19
20 28
10 21
35 3
20 28
25 35
33 20
34 19
23 35
28 2
0 26
3 32
7 19
27 20
7 24
32 8
6 15
15 17
14 13
20 34
19 23
11 31
7 23
28 8
21 20
10 0
24 29
32 9
11 22
7 18
25 2
26 31
33 19
26 25
33 10
1 30
33 12
24 18
35 16
27 34
14 0
12 1
29 23
25 3
23 33
36 11
13 4
6 24
23 32
13 19
20 14
28 32
4 15
13 17
9 18
29 23
34 5
2 26
28 8
14 24
22 26
15 26
10 3
13 5
31 10
4 23
1 36
27 32
27 7
4 24
14 28
21 19
30 25
10 36
11 3
1 34
29 17
23 2
35 14
22 29
25 26
15 4
3 20
36 31
5 4
18 19
10 17
2 3
5 27
3 17
30 19
14 0
36 15
17 34
30 3
4 33
7 19
0 11
2 15
20 7
19 16
27 29
33 7
10 16
34 28
33 6
11 25
6 25
19 24
1 27
5 23
27 3
1 5
16 36
28 13
30 33
20 26
3 31
6 15
0 17
36 11
21 15
3 23
16 30
28 21
31 18
24 32
35 8
27 12
14 18
6 10
2 10
28 11
31 21
11 12
21 1
11 5
16 14
6 32
7 34
31 16
30 34
11 6
20 16
34 13
3 7
15 28
35 4
23 34
15 13
18 16
24 1
10 16
7 5
23 19
15 17
28 12
6 12
32 23
9 7
36 27
14 29
19 27
33 20
24 26
33 21
21 35
0 31
14 8
15 5
30 32
33 20
1 9
30 2
33 0
16 24
29 8
6 19
19 26
21 9
0 20
30 13
21 2
27 7
17 20
12 10
15 24
8 16
11 16
34 7
16 13
31 8
0 15
5 19
19 5
6 19
25 14
32 9
17 0
16 34
20 7
23 13
31 8
20 26
5 27
5 18
0 29
18 30
12 16
13 17
22 10
21 15
21 30
32 21
25 7
20 10
30 33
19 3
4 2
29 9
29 12
6 7
19 2
1 32
18 14
27 19
2 11
34 23
5 7
23 8
14 21
18 8
17 0
26 0
2 18
24 9
8 30
17 28
33 18
23 29
10 28
26 12
3 23
14 23
8 0
31 23
21 27
9 16
5 35
16 22
31 4
31 17
12 26
8 22
9 16
10 1
5 1
4 7
15 27
15 30
36 16
29 26
25 8
9 1
3 31
10 22
3 28
34 8
14 21
30 24
0 19
25 5
20 7
27 35
34 6
6 11
22 35
15 26
21 24
5 24
18 16
24 36
22 7
14 21
16 1
36 35
4 19
18 11
10 31
23 16
0 34
16 35
12 5
19 36
26 22
32 20
9 32
5 9
17 19
8 33
36 7
31 3
27 12
30 0
6 16
31 6
29 10
19 4
31 2
19 20
2 29
3 11
24 23
36 5
20 7
1 34
15 11
1 5
23 9
20 8
25 14
29 17
2 12
0 11
14 34
31 16
26 12
5 29
13 4
34 12
13 31
5 2
10 25
26 19
8 12
23 0
4 3
17 16
18 29
8 15
23 2
5 14
8 34
27 9
24 17
0 34
22 3
7 10
7 5
33 19
28 11
23 9
29 18
28 21
26 21
22 29
26 36
15 1
27 20
25 29
16 26
4 1
7 12
27 29
32 1
11 23
13 12
32 5
30 1
4 35
23 26
5 27
26 35
7 31
18 32
1 34
36 6
14 21
18 19
13 28
20 24
14 11
15 24
31 8
4 35
6 5
25 26
10 29
24 17
23 6
28 24
18 5
30 32
27 26
29 3
17 28
6 9
2 36
12 34
7 16
32 29
36 35
18 9
27 6
5 13
27 33
16 8
16 9
19 6
14 11
25 9
17 9
19 20
8 31
32 30
25 5
0 24
4 34
11 31
18 16
23 8
27 17
31 7
4 28
28 18
18 16
28 35
25 33
11 34
28 5
22 34
20 24
16 17
35 25
35 15
26 21
20 6
31 27
11 0
19 7
18 13
35 17
17 1
13 28
35 20
11 20
32 10
7 11
27 21
36 4
14 4
3 34
10 12
3 36
13 0
7 31
13 20
26 8
22 18
15 20
1 26
19 11
36 4
22 5
25 36
24 2
3 27
15 14
18 13
31 33
35 25
9 19
30 18
4 11
33 24
27 0
21 1
15 26
1 35
29 0
22 10
19 27
25 11
8 21
2 17
17 1
6 4
20 14
22 2
25 33
4 30
12 26
9 5
30 10
3 22
25 3
32 7
30 35
18 17
19 21
34 14
0 18
19 35
10 19
0 35
31 4
6 30
15 11
23 25
14 24
14 32
19 36
25 33
18 20
15 17
33 8
32 29
27 30
3 24
30 16
18 12
23 2
21 16
13 22
5 9
34 0
7 33
4 3
29 2
33 24
35 4
19 6
31 12
9 34
20 25
15 33
26 18
17 6
9 2
26 15
27 23
30 34
34 12
0 5
15 33
29 28
16 27
34 25
17 21
22 1
10 1
12 14
34 7
20 6
24 9
36 14
10 8
26 23
20 26
28 13
1 35
20 17
25 17
5 6
17 28
22 27
7 12
4 19
3 25
6 12
25 36
1 33
25 24
31 30
30 23
9 6
6 26
32 1
9 16
18 15
16 23
0 28
28 19
10 9
8 31
36 11
8 0
22 12
2 16
5 10
2 14
17 23
18 12
25 5
6 21
21 22
8 21
13 14
4 1
23 27
10 22
1 19
1 23
9 3
2 14
14 20
6 31
21 24
21 9
29 5
31 28
27 17
28 18
31 32
19 17
0 7
17 1
4 18
24 13
22 4
5 14
2 11
23 24
35 7
11 6
27 5
12 17
0 3
35 31
13 32
26 13
17 7
14 22
25 1
13 25
21 19
2 23
30 25
10 7
10 22
28 0
5 3
32 21
7 8
15 20
3 5
34 36
27 11
21 15
28 12
4 12
31 21
13 25
25 2
10 35
2 1
14 22
4 9
6 26
33 22
10 14
5 22
13 32
33 12
25 2
25 29
29 19
29 6
22 17
23 32
30 25
11 22
10 31
32 17
20 6
17 30
20 22
30 34
32 5
9 20
7 12
28 15
32 20
36 32
0 22
6 8
10 17
31 35
11 4
15 10
10 18
30 10
12 27
5 17
15 4
2 27
32 17
0 15
16 11
30 1
17 1
26 12
10 25
2 14
3 12
24 29
30 18
2 20
23 0
16 27
3 22
22 35
0 15
15 11
23 31
6 2
21 19
13 9
36 27
27 26
15 19
19 11
22 18
12 23
18 7
13 36
29 13
35 7
28 34
14 22
3 16
6 0
29 15
36 35
6 25
13 25
23 2
25 4
29 11
0 36
2 15
6 15
28 14
6 19
11 35
4 29
30 11
30 0
4 7
35 25
11 26
29 34
28 17
16 36
7 31
35 9
9 20
3 0
34 9
34 23
23 2
15 16
28 23
31 10
31 30
36 20
34 28
17 4
23 11
3 30
5 16
18 30
36 21
8 33
8 21
34 9
23 28
3 29
14 35
17 23
6 16
6 3
22 1
7 9
27 10
17 11
27 35
19 26
34 27
1 21
11 35
30 12
4 34
19 34
32 0
20 1
31 5
4 17
21 27
4 12
0 21
1 5
20 32
32 10
11 16
0 24
10 27
29 22
25 26
17 3
24 33
34 7
15 29
29 5
33 19
6 18
20 11
16 18
21 11
6 10
6 35
31 12
5 16
0 31
11 3
33 7
15 4
22 8
11 28
4 8
34 0
6 23
16 24
23 6
30 33
27 15
9 21
27 14
15 5
23 26
8 20
33 1
2 18
9 13
9 29
36 21
7 5
23 24
29 24
8 22
35 15
8 34
5 0
12 10
24 1
33 7
12 13
24 30
22 0
18 29
36 17
0 19
18 2
11 5
10 11
4 23
27 35
10 27
25 36
14 4
32 36
16 8
23 9
9 1
5 16
15 23
16 34
19 33
23 25
21 35
7 22
3 34
20 13
2 23
12 32
27 23
31 6
9 33
31 18
12 36
13 28
0 7
25 20
4 27
23 25
25 8
26 28
20 9
19 22
33 32
17 1
18 27
8 27
23 2
24 35
16 15
4 32
22 8
15 26
35 16
30 1
24 19
7 6
26 7
17 21
25 19
17 30
27 23
31 7
10 7
23 3
12 33
25 20
26 30
33 5
1 34
7 20
4 29
4 30
0 30
3 19
10 33
24 33
27 9
21 12
10 24
24 7
13 22
33 21
18 2
22 30
24 20
12 17
2 6
17 2
14 20
21 24
31 23
36 32
20 11
6 23
14 13
14 36
9 35
33 26
35 4
14 18
17 31
20 1
26 23
15 24
22 17
33 9
16 32
4 15
21 10
1 35
23 15
35 11
13 9
0 11
13 29
7 30
1 5
9 5
28 24
29 20
25 1
36 35
20 14
20 9
15 18
10 8
31 21
36 18
0 25
32 7
32 3
9 1
28 14
7 30
22 14
13 10
30 13
24 14
5 22
23 36
18 33
7 13
33 7
9 33
32 19
3 6
1 12
22 29
5 7
22 27
22 36
15 27
17 29
32 2
30 9
21 27
32 12
23 2
21 34
12 4
0 33
5 28
18 12
11 26
34 1
26 11
31 4
1 12
12 14
5 36
35 10
31 10
33 11
10 30
2 29
9 35
12 15
32 24
26 21
36 27
10 11
36 29
27 11
4 17
4 25
17 35
26 6
32 1
16 3
18 8
27 16
20 5
11 22
31 10
21 36
35 32
36 6
1 10
25 18
29 13
13 10
12 3
16 22
19 10
3 0
18 31
31 16
36 21
1 31
9 22
8 23
33 7
29 34
33 17
30 25
31 22
35 21
25 29
6 22
2 9
22 35
3 31
14 18
15 30
27 25
16 35
11 27
21 18
2 17
35 10
5 7
32 19
28 35
26 12
20 29
22 20
27 3
15 20
36 30
13 26
33 7
3 22
34 24
3 14
4 17
25 24
2 20
21 31
19 11
6 17
3 6
1 8
10 16
28 9
24 5
14 36
27 17
21 25
4 3
17 23
35 5
10 0
4 32
9 1
6 31
18 24
0 34
32 25
13 2
13 1
7 5
0 34
22 36
0 4
17 33
27 15
1 15
16 20
25 3
36 9
34 18
33 13
15 29
16 7
31 29
23 16
34 1
28 34
0 7
16 18
3 21
33 19
0 27
3 25
9 17
35 6
35 9
34 29
16 14
36 25
21 0
19 34
1 11
9 1
33 26
34 14
10 9
33 25
14 29
23 10
5 8
8 14
20 15
31 12
29 19
34 29
2 9
8 28
33 25
2 22
22 16
11 9
27 36
24 20
28 10
30 33
33 16
26 17
10 20
29 2
17 4
10 34
28 18
3 25
6 5
10 7
36 16
5 36
3 5
29 11
17 3
5 6
20 15
4 28
33 36
32 6
34 2
2 15
27 24
21 15
31 35
15 10
18 29
29 21
12 21
10 29
24 16
13 23
9 32
14 5
32 24
26 7
26 7
22 16
31 21
10 25
35 25
13 16
32 5
16 7
4 26
0 7
20 28
30 2
22 13
12 24
3 19
14 10
19 8
19 33
7 32
21 20
11 16
4 5
24 8
10 2
15 30
8 23
1 10
23 15
22 11
33 19
3 21
17 26
3 14
23 25
9 22
23 35
17 27
19 14
29 21
7 0
7 9
2 18
32 18
21 28
16 2
27 11
29 30
25 30
33 12
15 19
10 25
7 29
2 36
28 24
0 36
33 17
32 7
12 28
28 18
7 31
8 18
1 21
9 34
33 24
31 22
13 19
29 5
36 7
34 24
22 33
35 2
6 5
29 34
12 10
20 21
18 1
22 34
1 9
9 34
33 3
19 24
1 27
30 15
34 27
2 19
1 16
36 22
36 28
19 11
1 17
10 19
19 10
31 20
19 3
32 31
21 30
18 22
20 11
1 17
16 18
14 17
12 13
2 12
19 0
1 20
17 12
17 14
22 11
12 20
29 8
14 13
1 32
36 22
15 31
1 33
8 34
9 36
14 36
18 29
0 1
10 27
33 2
28 7
30 11
36 1
3 12
17 35
26 31
35 4
25 15
16 33
12 3
32 4
2 28
34 17
29 22
8 25
24 36
10 32
25 24
11 28
14 28
4 19
0 3
23 25
18 17
36 8
20 31
27 0
22 24
18 29
24 4
32 27
3 20
22 6
22 34
34 0
3 1
19 4
19 20
29 15
1 29
1 36
1 29
0 2
16 18
9 19
22 20
9 3
3 31
9 26
6 21
4 10
0 1
14 20
21 13
0 28
15 0
8 7
15 25
1 33
12 20
33 32
29 36
36 2
23 3
8 22
22 33
22 23
25 20
22 25
34 23
16 27
1 2
34 16
5 13
27 18
34 23
13 4
0 27
21 1
8 23
30 4
23 31
30 7
17 18
19 18
12 9
19 30
21 13
35 34
3 31
9 26
23 14
4 28
35 5
0 6
28 8
26 14
3 19
36 35
15 18
16 27
5 35
35 4
26 34
2 29
6 11
33 29
3 0
21 17
5 36
23 33
7 12
25 9
25 23
24 21
2 30
5 15
28 9
4 3
26 33
10 16
29 17
19 7
1 36
12 0
1 23
23 28
27 26
16 15
13 3
14 30
11 19
9 18
29 13
21 18
25 9
34 32
5 32
3 6
31 30
22 10
17 23
17 22
12 33
0 3
14 29
34 26
12 6
7 19
34 6
0 31
13 33
36 8
14 20
17 7
20 6
2 21
23 24
12 19
2 15
33 32
12 0
7 33
7 26
31 29
4 31
1 32
5 15
18 19
35 14
5 34
20 7
18 21
10 30
18 12
24 29
7 36
30 29
33 15
33 5
22 16
14 23
11 20
1 8
17 15
22 12
5 8
8 4
18 17
22 30
4 14
16 18
22 8
29 1
20 12
23 36
27 25
25 26
33 5
4 18
28 31
1 36
3 5
17 35
5 25
17 35
4 35
20 28
6 36
11 18
1 25
8 26
13 33
15 25
17 35
6 23
7 23
22 25
6 17
23 12
20 3
25 17
8 31
1 23
20 19
24 8
6 13
36 17
6 24
34 19
9 20
27 32
20 15
1 15
2 28
36 20
16 2
15 3
33 16
26 16
36 13
2 20
4 16
0 10
4 35
30 13
33 20
23 32
13 24
10 15
31 24
14 10
26 29
13 0
9 17
31 23
30 33
6 12
13 6
1 32
19 9
23 31
7 9
26 20
11 14
36 5
2 28
31 28
20 22
7 3
1 30
11 13
36 2
4 21
3 36
18 12
0 27
19 9
31 2
35 9
16 19
11 7
28 17
28 13
24 35
31 4
7 21
17 21
23 21
5 26
35 2
16 35
29 35
22 24
0 35
11 32
17 22
2 8
17 8
0 20
7 9
2 29
30 19
13 31
18 19
35 31
36 14
29 6
12 29
8 28
27 19
23 8
19 3
31 0
12 9
35 34
19 0
26 27
34 2
0 30
36 35
24 35
13 31
20 3
23 28
31 28
11 32
14 30
36 9
8 11
33 21
8 30
21 34
36 33
36 26
14 34
28 12
10 22
32 14
23 2
23 15
13 19
29 21
18 16
30 7
13 29
15 21
29 27
20 25
4 19
30 18
17 21
9 5
22 4
34 8
6 21
1 34
18 31
19 36
25 27
6 1
19 36
1 11
26 21
15 30
4 23
27 36
7 36
19 7
3 17
31 25
16 32
0 34
4 19
11 30
24 17
9 22
31 25
33 35
10 26
6 29
12 33
28 35
32 25
20 14
5 14
17 36
25 17
33 7
15 7
15 2
2 3
24 11
28 36
9 1
3 16
8 16
12 36
29 8
3 12
0 23
5 17
23 30
34 19
15 27
5 31
30 22
12 32
34 3
9 6
20 28
0 28
22 13
6 14
36 9
4 36
32 9
16 33
17 28
16 33
19 36
5 27
21 32
