43
41 2
6 39
35 29
39 31
15 12
29 21
10 37
32 29
40 0
18 13
24 32
30 27
1 32
26 40
25 29
3 13
21 25
9 1
40 14
22 11
24 16
35 2
13 35
13 18
16 37
7 38
14 1
39 3
27 15
35 9
1 31
23 14
13 24
7 2
38 29
13 11
2 5
6 8
32 19
26 40
13 26
35 27
27 24
23 11
39 15
13 32
3 28
38 8
1 2
11 32
31 16
35 25
14 41
25 3
17 1
36 23
19 28
42 3
1 14
6 32
30 11
21 25
39 16
34 33
18 37
22 41
10 14
24 16
13 41
12 22
42 5
37 18
33 37
13 27
8 12
16 30
23 38
5 12
3 39
2 14
25 16
4 27
22 28
1 35
19 13
7 18
18 1
29 0
30 42
19 31
11 36
18 27
23 39
18 11
33 32
28 41
37 13
20 14
6 5
33 11
12 1
21 5
30 21
36 29
41 16
33 26
34 17
6 7
5 24
10 38
6 31
36 0
36 13
6 42
10 32
10 22
33 31
20 1
13 41
34 21
31 17
12 40
15 11
2 32
14 32
38 2
17 30
38 23
36 29
33 17
31 13
7 19
33 19
12 38
18 39
16 41
13 20
39 21
24 41
2 30
31 40
32 5
19 28
4 5
11 22
28 24
29 4
6 41
8 36
16 4
1 14
10 13
2 23
37 1
25 16
24 22
5 21
33 16
42 37
13 10
8 41
26 38
37 24
28 38
17 1
42 10
7 1
23 10
24 10
3 6
26 27
20 24
40 10
32 39
40 3
41 5
36 24
35 23
5 20
18 14
21 17
16 21
19 40
23 0
42 26
42 25
2 19
6 34
30 31
31 19
34 29
24 19
3 17
42 0
37 17
15 8
35 31
29 3
20 9
38 19
27 37
37 21
6 35
12 28
23 35
4 14
22 28
26 17
2 25
17 40
0 24
40 27
5 26
22 17
27 9
37 3
4 31
24 2
23 36
30 4
29 34
10 0
19 28
9 14
11 26
3 0
0 22
5 18
36 22
2 8
40 41
31 21
0 4
6 30
8 27
13 10
27 25
39 36
39 42
12 34
37 4
26 16
9 1
1 23
38 3
24 35
37 12
5 37
16 11
17 16
39 30
19 15
12 7
1 0
6 13
26 0
17 9
8 18
10 9
33 40
4 14
24 41
19 29
36 35
41 2
1 37
32 20
9 37
19 10
37 25
15 21
17 24
22 17
42 25
18 25
22 39
4 13
15 33
41 0
23 0
36 17
24 5
19 18
24 21
5 41
37 18
15 18
40 24
10 22
42 35
37 13
31 33
26 39
15 16
31 39
16 5
41 21
24 8
37 3
5 35
40 23
7 13
23 17
27 22
9 21
27 33
3 11
21 19
27 1
15 36
17 20
26 30
2 26
24 40
32 16
29 4
15 36
17 38
3 37
9 4
15 36
29 11
39 42
30 16
0 2
1 9
22 27
31 16
2 12
5 34
20 34
39 27
20 5
22 15
42 23
11 7
9 41
18 40
40 5
5 33
42 6
34 21
25 23
30 28
35 27
11 5
11 7
32 31
5 4
38 4
27 6
11 28
4 21
26 37
26 23
19 25
30 10
39 4
33 18
24 18
2 36
23 13
35 12
36 40
16 31
37 36
30 40
21 26
19 39
12 37
12 31
20 42
42 8
38 32
18 20
7 20
5 22
26 32
35 11
30 0
35 16
36 22
13 7
40 32
38 10
27 7
41 39
41 40
39 29
22 14
6 21
26 3
1 9
35 36
13 14
28 5
30 22
19 1
21 16
33 16
26 9
16 17
40 6
14 36
35 28
7 41
7 26
36 8
27 29
36 40
0 21
37 23
0 13
24 13
22 6
22 40
8 38
14 5
1 21
34 37
6 33
27 13
16 13
21 1
42 14
41 34
28 6
20 41
30 34
12 37
13 10
37 0
16 42
1 37
33 30
1 24
7 14
32 20
28 33
11 34
24 2
19 9
9 40
42 31
23 12
17 36
14 11
36 30
11 29
17 36
17 18
9 24
24 42
36 9
32 4
1 5
6 12
14 7
1 14
31 24
18 5
17 24
9 2
3 12
32 20
5 41
38 7
14 12
6 7
21 30
11 14
36 9
19 42
9 20
5 32
2 15
37 11
39 3
14 0
15 38
12 13
28 8
12 34
12 18
41 33
40 1
40 25
2 16
17 3
36 22
35 30
38 22
42 26
25 5
26 33
35 39
38 20
39 7
11 8
17 1
33 6
37 22
24 39
38 41
0 24
20 27
11 7
6 2
34 24
7 9
6 42
40 1
11 28
0 14
28 9
15 19
7 1
33 31
41 29
29 33
2 42
17 13
41 16
8 32
40 15
34 3
7 31
39 10
17 31
25 37
40 32
5 39
34 39
28 24
25 6
6 27
40 15
32 39
31 40
28 5
19 31
4 0
19 14
9 7
39 3
39 29
9 36
12 40
21 36
22 19
42 41
17 14
22 13
3 12
33 23
17 2
4 13
2 23
27 3
23 16
6 19
37 7
12 6
4 25
34 18
2 33
8 19
39 31
32 34
0 14
15 9
16 11
22 18
34 41
13 14
14 20
34 0
19 38
6 24
21 40
34 23
22 0
34 19
23 2
23 37
9 24
3 20
38 13
4 28
27 18
35 4
1 35
15 32
42 31
10 31
23 25
11 23
16 22
3 31
16 18
25 26
34 20
3 21
34 7
6 18
18 41
14 11
34 29
0 25
18 10
13 33
27 16
5 0
30 0
31 4
18 6
30 1
26 25
22 17
33 28
27 8
27 41
19 10
28 12
35 38
14 40
28 42
14 25
42 36
25 23
40 35
29 19
36 4
2 7
14 27
35 41
35 11
40 3
13 17
7 5
4 22
3 24
21 9
6 12
37 31
35 27
23 13
3 8
10 40
15 24
24 42
14 8
3 11
4 16
20 11
22 16
33 17
40 3
18 3
16 4
26 8
31 41
14 35
6 24
24 21
40 6
21 11
6 24
15 10
40 27
14 11
1 4
20 41
8 30
37 16
35 20
16 23
19 30
7 17
3 24
39 0
30 9
4 28
33 19
31 22
3 2
26 39
41 38
38 6
26 24
14 10
1 31
25 12
10 25
30 14
6 18
6 28
27 10
13 9
21 1
23 17
3 41
13 2
37 0
0 12
24 7
22 18
38 4
22 5
29 1
11 27
19 18
12 38
20 26
39 34
19 20
8 15
18 13
9 4
6 1
16 30
8 38
5 3
35 20
1 13
21 12
41 33
22 2
28 0
28 17
26 40
37 26
12 4
39 21
9 2
22 17
25 31
5 22
26 40
42 19
2 21
32 35
3 11
38 31
3 15
5 29
12 34
4 24
31 1
37 32
38 17
6 12
40 11
35 15
0 34
35 3
4 16
38 7
19 25
31 15
41 28
36 10
12 41
35 0
34 21
32 29
38 34
27 42
26 35
42 9
27 2
6 0
33 5
11 15
36 26
13 22
20 16
26 18
8 26
9 21
7 30
17 37
21 36
36 39
28 36
41 4
30 4
39 12
9 8
20 38
26 33
9 3
41 35
13 41
18 22
20 25
2 29
11 15
22 5
4 0
33 2
4 20
6 36
33 7
1 2
2 27
27 11
23 26
3 36
24 13
8 1
30 10
30 42
17 10
39 21
2 29
15 6
6 13
34 31
21 35
33 15
12 18
19 35
1 14
20 17
28 19
7 30
6 41
40 8
37 18
10 23
34 9
22 39
0 10
17 28
36 33
32 3
1 16
39 15
36 13
0 14
32 0
1 31
41 33
39 36
9 42
8 35
0 30
31 0
33 41
20 18
23 9
21 24
25 9
39 19
22 32
25 4
32 18
27 22
9 15
15 10
6 24
37 6
3 25
7 36
15 19
11 30
29 32
11 33
0 22
5 32
39 1
13 15
28 35
24 35
0 34
42 24
28 5
27 2
4 13
10 24
24 40
10 6
1 13
39 1
28 1
25 24
37 38
39 22
22 12
15 22
38 6
3 15
11 23
18 16
36 20
40 9
17 42
15 10
4 11
32 40
28 6
35 23
37 6
3 7
21 17
37 19
13 10
31 36
20 4
21 40
36 30
6 27
38 17
31 42
20 13
39 6
19 23
21 5
30 16
4 0
34 42
20 4
1 8
32 21
4 2
10 32
24 16
16 19
25 39
10 3
9 42
1 20
22 26
9 39
30 10
22 21
30 18
22 30
7 0
34 1
2 23
25 19
31 37
36 27
4 31
29 38
32 6
18 4
24 19
35 4
21 14
25 8
32 40
30 31
32 21
32 35
36 6
3 16
0 39
1 40
20 22
27 9
20 2
13 2
14 5
41 35
11 15
36 35
12 23
23 2
37 4
29 30
11 32
4 3
20 40
35 40
19 20
42 39
14 4
33 28
10 23
13 39
6 8
29 2
23 26
31 3
29 12
42 32
25 39
25 14
7 2
13 38
16 10
21 37
20 1
7 33
40 13
31 6
34 18
0 7
36 24
10 22
28 9
11 10
40 28
17 4
30 22
34 39
32 12
33 1
14 40
27 11
2 15
9 36
25 10
35 18
26 2
40 11
3 1
14 35
21 31
31 9
2 23
40 35
35 22
36 6
11 20
10 13
28 19
41 10
21 34
29 4
28 18
8 24
11 22
16 33
2 40
34 4
20 31
39 4
2 25
3 13
37 13
26 22
24 16
33 38
7 11
34 28
21 42
9 33
13 17
15 6
6 20
26 29
8 23
31 25
26 1
20 31
19 34
4 35
16 42
35 19
26 12
41 25
13 23
39 30
30 3
37 28
23 12
14 24
27 37
6 2
30 18
33 41
10 30
25 26
21 17
38 4
21 36
30 34
8 18
22 38
21 8
23 37
12 29
18 40
15 16
42 2
35 25
35 37
4 17
12 25
27 7
30 5
35 9
40 35
19 11
30 40
11 2
26 15
23 1
12 38
10 4
32 37
21 24
31 25
42 0
7 18
0 29
23 35
38 12
28 14
23 7
4 26
2 30
42 25
24 3
21 34
7 10
20 27
8 2
26 0
2 36
0 31
16 28
19 29
13 25
1 12
29 28
14 9
19 40
25 22
10 8
30 12
28 42
39 36
2 14
36 4
7 29
27 24
14 38
2 27
21 38
39 42
15 3
0 34
0 25
14 10
33 36
22 18
35 19
3 29
25 32
25 33
18 10
6 32
5 0
8 18
38 39
18 11
42 18
37 34
36 8
1 26
36 16
37 21
27 40
7 9
21 33
42 39
35 40
20 40
40 28
8 28
17 26
31 16
36 25
8 29
26 1
5 11
17 42
32 1
31 40
3 10
22 37
41 14
35 19
3 24
39 11
9 13
29 40
22 23
15 22
1 41
23 6
9 33
40 42
34 21
31 29
23 2
24 21
8 32
3 32
29 15
42 34
36 31
13 8
3 35
10 36
16 8
3 6
41 37
32 19
17 19
42 11
35 12
19 0
2 22
32 23
29 23
14 23
4 28
23 42
20 33
36 28
34 31
26 32
25 8
0 34
19 34
2 11
38 13
11 40
27 35
12 14
8 27
29 12
4 9
11 24
35 4
2 18
27 28
42 9
36 42
35 12
25 29
15 20
42 18
10 27
11 22
33 19
41 19
23 2
20 34
19 4
31 21
14 15
41 13
17 27
4 9
31 29
31 4
42 30
22 9
14 25
23 39
1 22
7 16
16 20
8 35
24 31
5 39
38 39
1 12
23 6
14 3
27 2
7 18
24 22
19 31
4 0
27 41
14 35
14 22
12 14
7 28
37 12
16 33
0 18
37 23
16 8
27 35
2 26
11 27
5 30
7 2
22 34
0 28
26 6
8 30
13 15
16 7
19 32
40 20
42 35
35 7
35 11
0 30
30 3
6 27
33 13
29 5
4 21
25 23
20 25
10 33
40 18
40 9
0 38
21 42
22 5
42 6
9 42
36 39
37 34
15 27
4 37
24 1
15 7
24 35
32 26
17 22
2 15
23 37
2 36
28 16
41 27
22 42
26 8
30 20
42 3
40 39
40 13
40 4
12 13
32 37
31 6
8 25
21 31
19 15
16 5
31 6
32 11
6 8
11 36
20 2
31 9
41 28
15 30
25 27
35 14
13 24
20 21
41 34
9 10
6 25
15 38
24 39
41 30
39 9
15 9
11 4
10 2
24 25
32 6
2 17
20 15
33 37
31 24
38 41
30 13
5 17
37 2
15 24
33 16
39 42
20 35
10 22
17 27
3 23
29 20
36 2
10 26
39 34
7 26
32 37
39 38
12 33
32 19
6 14
36 38
14 13
30 16
27 4
0 30
28 22
0 21
24 2
39 12
36 3
38 18
32 35
13 36
17 37
13 24
8 41
11 14
3 41
30 3
23 9
23 2
1 36
18 4
32 30
32 27
17 7
16 9
12 10
19 6
15 35
7 5
3 21
8 36
1 30
39 16
31 11
10 33
39 28
29 20
7 18
4 24
18 21
26 30
23 2
29 30
29 28
35 32
41 35
17 34
22 14
7 10
17 35
6 37
