23
15 2
2 11
15 19
7 1
17 8
6 7
12 1
7 2
5 13
8 10
14 1
8 20
20 10
22 6
21 15
11 7
11 14
12 20
4 20
21 15
22 21
0 11
22 7
13 22
14 16
3 22
17 5
19 9
16 18
15 8
4 20
15 11
22 12
16 19
4 8
12 3
8 0
19 9
14 18
17 7
15 16
18 21
6 4
14 19
13 22
0 11
8 10
16 7
16 9
20 15
12 9
18 14
10 8
18 21
12 19
13 0
8 11
0 7
19 20
18 14
2 4
18 19
5 11
22 3
3 11
6 15
3 16
1 15
5 16
21 1
6 21
10 12
22 11
8 12
2 21
3 5
19 21
18 1
4 17
21 1
0 5
17 20
15 12
12 21
5 10
16 5
3 20
17 19
8 3
8 11
18 12
10 14
4 22
15 8
16 8
10 13
21 7
22 10
13 14
9 1
8 21
22 3
17 2
0 2
7 18
8 17
9 13
16 18
21 3
3 2
8 10
0 15
4 0
18 7
1 20
16 20
19 10
16 13
12 0
8 21
11 4
0 3
1 4
6 9
8 6
19 12
5 19
2 12
14 22
5 7
13 1
17 6
14 0
6 16
21 17
4 3
15 5
1 17
3 7
20 5
7 10
18 12
6 20
2 14
13 7
21 4
3 9
10 11
10 17
5 2
5 3
0 21
8 1
9 5
8 0
11 9
11 0
22 17
14 18
9 4
2 1
8 22
11 13
11 15
7 16
17 6
19 17
4 22
18 13
4 20
14 9
7 2
9 0
13 17
18 16
22 14
12 1
14 0
14 2
15 21
18 3
5 8
21 3
7 10
11 6
2 19
9 15
13 3
5 7
21 16
6 12
5 8
3 22
22 8
15 11
11 14
20 3
11 21
8 22
21 10
18 8
19 10
15 16
10 22
14 20
0 20
2 18
18 17
3 10
6 8
18 3
6 1
18 14
0 17
1 13
19 14
0 5
7 4
4 21
1 21
12 20
0 7
15 19
2 18
0 8
21 13
5 4
14 17
18 14
5 13
4 1
4 22
6 11
3 5
3 5
3 15
2 4
17 12
17 19
1 17
21 22
1 20
20 15
14 15
1 20
5 15
3 21
16 8
2 21
11 1
18 21
20 16
15 3
10 5
5 22
3 4
0 2
16 8
11 17
5 11
16 21
14 15
14 0
11 6
5 6
1 20
20 18
6 1
22 11
0 21
8 21
16 2
17 3
11 6
20 16
11 7
8 19
16 19
21 22
19 21
18 16
19 7
17 14
6 5
14 22
8 12
9 10
1 12
21 7
3 9
12 4
11 8
21 22
22 19
15 18
18 10
5 8
11 22
16 18
22 1
11 7
7 14
11 8
3 4
9 0
7 21
4 18
7 19
17 6
10 18
22 14
0 7
3 17
0 15
16 1
20 17
8 11
5 11
8 9
20 2
16 19
0 6
20 17
3 7
21 15
6 13
9 7
10 3
1 2
13 19
22 7
4 7
15 6
10 7
8 21
3 8
4 0
22 21
20 0
20 12
6 4
21 13
14 19
8 16
9 4
9 11
3 7
12 13
22 19
15 20
22 17
1 16
11 17
7 11
8 19
18 12
12 2
3 8
11 13
11 15
22 16
12 0
5 2
7 5
21 16
2 15
10 21
8 15
15 16
4 0
6 16
6 12
18 9
14 0
22 3
10 15
19 22
9 2
1 16
1 17
9 20
9 13
18 17
6 4
4 10
21 11
20 21
0 15
7 15
10 0
12 14
9 2
7 18
21 3
5 22
20 8
20 6
22 9
17 22
8 22
3 0
10 0
22 4
9 6
13 1
2 4
4 22
6 0
20 9
22 20
6 8
11 12
1 14
0 22
22 20
17 3
20 16
2 0
16 15
14 17
12 22
11 18
16 8
4 15
22 4
17 4
10 18
19 11
18 12
10 9
6 14
6 22
10 1
10 2
15 21
8 21
20 19
17 7
22 15
17 15
20 11
14 7
7 10
18 19
16 0
6 17
8 6
16 18
7 20
14 16
19 0
15 10
13 3
18 6
18 6
22 9
17 7
17 18
11 6
15 4
0 21
21 8
21 9
3 6
6 12
16 19
12 8
7 2
