23
2 17
9 14
0 3
20 13
9 21
8 0
15 5
10 5
12 19
2 8
15 2
8 15
19 0
17 19
10 7
3 7
18 6
21 18
4 12
3 13
11 7
20 10
17 19
16 13
21 19
22 17
4 14
13 21
3 4
3 4
1 10
0 8
2 12
6 15
15 13
20 17
2 9
7 18
16 6
8 16
0 7
1 8
5 4
6 2
3 7
12 3
9 15
15 1
2 22
21 16
20 9
18 6
16 8
22 16
10 9
11 17
11 13
17 9
19 12
20 9
15 1
18 2
10 19
21 10
11 14
7 20
4 7
7 6
0 1
16 10
6 5
21 19
22 7
15 18
14 6
4 0
7 16
2 18
12 17
22 17
3 6
14 7
7 16
7 11
17 22
9 13
21 11
22 17
2 22
15 19
7 9
16 19
15 10
18 10
13 18
18 14
2 11
21 9
16 21
10 9
7 17
8 12
10 19
14 10
11 14
4 1
1 8
19 11
22 8
0 13
10 12
6 13
22 16
5 10
2 7
21 4
19 9
0 5
13 6
16 18
14 19
15 22
15 3
15 0
4 0
4 10
6 11
9 16
17 13
18 1
12 17
20 15
17 2
22 17
12 17
9 20
13 1
14 22
22 6
16 20
0 20
1 6
8 4
16 19
18 12
20 1
6 12
10 17
8 9
6 21
3 15
12 16
10 3
15 9
4 8
6 4
22 1
5 1
6 21
21 1
4 12
19 4
1 6
16 4
15 22
19 18
14 8
5 1
6 20
5 4
22 5
8 21
7 22
13 0
14 8
21 4
21 3
22 4
13 20
13 12
16 2
20 2
7 15
2 21
14 6
20 8
12 21
16 5
11 10
20 13
8 18
11 5
11 9
12 9
22 1
19 18
15 21
2 17
17 16
0 14
7 9
20 5
19 2
10 0
16 17
8 5
5 8
17 8
20 1
16 19
2 9
15 21
3 9
15 21
17 16
7 8
16 20
