28
0 3
6 5
19 13
20 3
27 23
5 22
4 20
16 22
13 3
24 21
3 5
13 14
9 27
8 20
21 5
20 8
23 9
12 8
14 15
20 9
5 14
13 25
14 20
10 18
0 18
11 3
24 8
1 17
7 10
9 13
15 13
21 22
23 17
15 21
17 7
2 22
5 0
19 4
14 9
16 4
4 3
12 4
2 4
14 23
17 13
9 10
8 16
12 23
9 1
14 23
23 3
7 26
22 11
12 16
11 1
4 14
25 1
19 11
5 7
22 19
16 11
16 0
18 25
1 4
20 24
7 12
23 13
7 19
13 19
4 18
5 2
19 8
13 8
14 20
2 17
20 2
0 8
3 18
17 4
6 22
13 6
20 10
13 23
24 16
0 26
22 14
17 2
27 9
0 4
11 17
8 25
1 17
0 3
18 17
9 12
14 6
18 6
17 16
13 25
4 13
23 10
27 24
25 11
5 25
15 0
27 23
25 0
24 10
16 15
27 25
11 13
4 14
3 5
2 16
2 18
14 9
1 25
5 26
8 10
7 22
6 3
19 11
1 7
26 12
16 22
9 20
8 24
9 22
13 23
12 11
4 25
8 9
7 1
3 15
8 25
5 11
1 24
7 14
15 17
27 4
11 8
8 19
5 2
13 2
25 10
25 14
7 5
7 27
6 11
14 27
20 3
22 21
12 1
8 27
19 15
2 27
24 22
16 26
19 18
7 1
15 21
21 5
13 20
23 24
18 22
0 21
1 22
17 2
14 17
21 17
4 8
16 12
14 17
22 5
19 14
19 24
24 4
0 3
0 2
10 13
23 11
19 25
25 5
14 19
22 2
11 22
27 25
11 5
14 15
19 5
6 11
13 14
15 13
17 0
15 11
13 23
6 16
20 4
21 18
7 27
4 18
5 3
27 1
21 13
16 12
3 22
7 16
20 23
14 9
7 13
5 4
20 11
20 24
27 25
14 6
8 3
8 25
18 7
26 11
21 26
8 24
4 15
24 22
22 18
1 8
23 5
12 18
9 18
6 7
8 26
10 17
24 13
8 22
24 1
5 16
9 4
18 26
12 8
0 4
15 17
17 27
10 7
17 16
16 12
17 12
25 18
5 11
7 22
4 1
10 22
19 8
19 11
20 23
10 24
27 21
6 19
22 8
7 22
20 8
18 1
17 21
18 0
0 24
17 1
6 11
4 27
2 27
19 10
9 13
6 9
18 13
0 25
5 19
19 25
11 10
10 0
3 12
13 15
21 2
1 27
25 5
10 0
5 2
10 26
27 0
7 18
25 19
15 2
22 18
27 5
0 21
18 15
6 3
15 27
17 16
10 14
21 5
14 10
7 8
9 18
9 0
20 6
20 7
21 26
10 4
4 22
26 22
10 16
9 27
26 25
21 12
2 26
11 25
17 3
6 8
24 18
0 15
22 20
8 21
2 12
9 24
10 3
18 10
24 27
9 6
8 3
18 11
13 8
3 17
26 11
13 16
23 12
11 15
20 4
1 5
13 26
27 0
0 10
8 0
3 14
8 18
16 3
4 2
23 7
3 21
2 0
22 25
13 17
25 5
21 26
22 18
24 22
2 25
16 10
9 3
8 1
22 24
17 10
10 12
1 13
18 3
26 24
12 11
13 9
0 18
8 23
8 16
17 22
25 17
16 6
20 24
20 26
4 9
8 27
5 9
12 23
12 10
3 9
5 16
18 6
6 26
1 26
27 2
20 24
19 20
15 23
0 7
22 17
0 14
16 5
24 0
13 20
23 16
1 12
5 4
18 23
14 3
22 13
5 26
10 8
19 25
16 3
16 22
20 16
8 5
16 21
18 9
0 7
22 12
24 26
3 19
13 6
25 10
24 20
4 27
1 4
2 1
26 23
17 7
15 23
23 8
25 16
8 16
23 21
12 5
8 16
2 26
13 22
9 17
11 8
19 15
23 20
14 2
22 5
17 1
12 26
26 1
18 15
8 23
11 13
15 27
0 14
13 20
6 2
15 27
5 15
22 10
13 24
4 18
13 17
2 23
15 26
14 7
5 26
5 21
9 5
19 22
18 23
13 4
11 12
10 26
6 20
23 14
8 13
11 9
27 19
24 27
17 23
18 22
5 23
27 14
0 18
21 18
26 6
7 9
18 17
19 8
21 14
22 13
11 5
22 24
2 5
25 24
4 14
19 3
1 4
6 22
6 4
0 13
25 2
2 16
10 7
14 4
4 9
21 26
3 2
13 21
27 22
17 3
9 20
19 10
24 9
16 3
13 16
0 22
2 3
22 12
22 8
0 27
1 5
9 16
7 6
9 7
1 10
22 10
3 13
4 11
22 20
26 19
20 11
13 22
14 19
18 20
11 2
3 12
7 13
1 15
19 10
22 4
21 0
26 8
14 2
3 20
6 14
12 10
25 9
16 23
1 6
15 12
8 3
9 0
0 10
15 19
20 21
8 25
21 6
17 19
21 12
11 19
8 22
16 17
10 11
2 1
10 27
9 25
8 21
25 18
8 1
22 13
9 4
19 27
21 10
20 26
22 16
17 2
10 5
4 20
0 18
5 23
17 15
20 9
8 18
11 1
19 6
26 12
22 17
11 15
0 16
26 6
4 15
9 14
5 25
18 17
15 24
24 5
23 1
26 15
19 10
0 22
16 27
6 22
16 1
21 0
17 19
7 21
19 0
19 8
25 22
9 24
2 6
13 25
7 12
24 10
22 25
16 22
24 6
16 24
7 9
25 9
13 4
14 16
4 18
24 13
12 17
9 14
23 7
23 14
19 8
13 16
24 19
24 2
7 21
22 0
18 3
25 22
17 13
10 7
21 7
3 11
0 17
18 7
12 5
26 16
13 23
4 10
14 1
24 5
22 18
18 24
21 15
18 23
13 12
14 6
19 2
17 3
19 20
11 16
25 9
4 22
17 20
16 3
5 13
21 27
15 11
23 21
26 25
0 11
21 14
2 24
16 3
0 20
23 11
20 4
4 8
27 21
0 27
9 6
12 2
17 12
25 5
7 6
5 3
0 3
5 24
4 8
24 8
16 19
0 20
24 20
3 1
4 3
10 27
24 12
11 5
21 16
13 27
5 16
27 9
21 8
13 16
21 1
8 5
6 4
25 9
17 1
12 0
24 12
8 20
23 14
13 24
27 12
1 15
24 22
20 16
19 5
4 24
19 12
1 25
0 10
6 18
12 3
2 20
15 22
12 22
20 25
18 3
21 4
2 1
26 22
17 18
12 22
14 15
18 0
12 3
10 2
5 22
5 19
14 4
13 10
27 6
7 1
9 13
5 12
14 4
18 16
6 14
22 4
1 12
4 25
27 15
0 4
9 17
23 8
6 21
18 17
11 10
18 4
23 8
0 21
24 19
21 2
5 15
6 19
12 11
16 11
26 16
0 19
18 7
27 8
0 2
25 23
24 15
0 19
23 0
24 19
3 2
5 21
17 24
12 1
7 0
25 17
1 9
20 3
16 4
11 1
6 8
24 2
7 8
5 15
21 13
18 24
15 24
17 20
13 18
11 14
27 12
27 8
4 2
9 8
13 22
26 5
18 0
12 11
17 27
4 15
18 0
2 14
2 19
18 27
22 13
13 5
25 24
26 1
26 7
22 23
13 20
0 15
5 13
26 6
12 2
21 14
15 8
0 1
11 2
0 5
15 26
23 24
22 21
10 21
12 4
0 25
8 1
12 25
14 11
4 10
25 9
25 12
17 9
13 1
24 14
18 23
12 13
20 6
6 14
11 2
18 12
27 10
25 24
8 11
7 24
5 4
5 2
1 7
24 26
20 12
10 15
8 24
19 27
14 5
22 17
7 6
0 18
15 24
10 26
15 18
16 4
7 2
5 14
26 3
6 2
0 1
2 8
9 5
19 23
11 14
24 2
4 25
4 20
21 14
2 9
16 18
13 24
21 2
22 3
17 13
6 17
14 20
10 23
25 13
2 8
27 11
16 8
27 20
13 26
22 6
14 25
3 22
2 17
17 5
7 14
23 24
0 15
18 7
13 4
21 5
15 4
0 3
12 0
23 10
26 2
16 24
27 4
19 1
21 8
18 0
22 14
9 6
1 27
25 26
15 18
4 3
23 16
6 19
16 14
13 26
0 14
23 27
18 14
12 23
6 14
24 12
0 17
2 14
16 27
12 4
1 0
19 8
17 9
12 17
7 25
16 7
11 18
13 25
2 9
3 17
5 27
1 6
1 15
22 0
12 10
1 24
13 10
13 23
6 3
2 3
3 10
15 14
0 23
15 21
10 16
10 9
17 16
10 17
23 10
13 17
23 9
3 17
7 26
23 10
12 11
25 22
26 11
7 10
6 4
0 22
26 9
23 15
19 24
10 13
9 27
20 3
2 10
10 12
17 4
25 0
1 3
10 24
22 5
14 0
21 14
6 19
23 14
6 26
22 0
11 16
0 3
19 14
25 1
11 27
5 20
11 18
7 22
14 2
27 0
14 4
14 5
23 21
19 14
19 25
14 2
13 26
17 4
25 27
17 8
26 6
12 9
24 19
15 10
5 26
22 4
2 20
9 26
13 12
12 4
9 10
6 23
9 8
11 18
7 1
10 17
7 22
10 4
25 26
26 3
8 5
7 11
25 0
21 11
12 17
15 21
11 6
0 4
14 12
22 5
25 4
22 4
10 16
20 8
26 3
23 7
8 14
2 5
14 7
0 10
24 16
3 7
22 16
24 20
12 18
25 9
7 3
13 17
19 18
9 18
21 16
9 1
2 11
18 0
18 19
10 26
19 26
17 25
14 13
17 26
16 26
7 23
13 4
24 16
22 6
18 27
22 27
12 9
22 15
9 24
6 20
6 9
18 24
6 4
21 7
14 21
5 16
2 21
13 18
16 3
9 27
25 20
12 6
27 11
16 23
17 20
2 10
10 16
26 15
23 12
9 12
1 9
26 22
6 16
22 9
9 22
7 14
18 25
13 1
25 8
2 17
22 12
27 16
12 9
16 19
21 9
15 6
18 13
1 25
1 23
6 23
1 25
9 19
7 22
4 14
6 22
21 2
5 21
14 15
21 5
20 2
20 27
5 17
0 2
3 7
20 26
9 2
19 12
9 25
17 13
23 19
0 10
25 22
24 15
14 16
2 18
15 7
8 27
21 11
7 13
21 0
27 12
12 8
9 1
6 16
9 25
17 19
6 11
27 2
10 13
19 12
16 18
3 8
18 24
19 9
22 24
9 21
8 21
2 1
7 8
17 16
17 6
7 24
1 6
26 24
4 17
8 4
20 12
12 22
20 15
15 14
11 24
8 3
1 10
16 20
2 5
8 19
24 27
15 9
18 26
5 6
27 26
10 19
22 25
14 21
12 1
4 20
21 19
6 15
7 26
17 24
7 20
4 18
20 14
8 18
3 14
17 1
8 21
7 2
18 22
23 3
7 11
23 0
2 13
15 21
12 16
18 3
8 22
21 0
20 14
2 24
12 4
9 21
25 17
23 15
23 3
2 26
10 2
13 23
1 6
7 17
24 22
25 19
0 10
23 14
12 19
26 16
13 19
13 2
27 13
25 14
27 11
12 21
25 9
17 26
16 8
15 12
15 12
15 6
11 1
19 14
27 7
27 3
5 13
14 2
22 0
13 5
24 7
14 6
8 12
6 0
27 18
15 24
18 2
2 13
3 21
11 15
13 23
2 20
16 15
0 13
4 8
4 19
14 12
15 4
13 15
23 12
11 25
15 25
22 2
3 5
1 0
12 15
14 5
3 2
4 15
27 20
24 4
11 22
16 27
27 13
26 6
10 21
3 25
18 9
11 5
14 25
5 11
12 19
16 5
20 15
5 12
11 9
8 18
9 19
17 7
1 7
17 22
22 26
24 3
21 2
1 18
7 12
3 11
0 3
16 4
18 5
1 14
26 21
4 20
24 5
27 25
12 0
19 6
10 27
9 3
1 22
6 21
7 9
4 19
24 20
8 14
26 21
12 8
14 16
0 10
5 27
7 17
11 10
7 5
9 0
21 11
23 27
4 14
20 8
17 16
12 25
2 22
18 15
3 4
15 3
26 21
15 5
22 10
27 14
0 9
14 21
4 21
20 8
7 24
0 25
12 24
6 26
3 25
25 18
13 25
5 12
2 4
1 24
15 1
22 15
22 9
20 26
14 24
18 22
20 2
3 4
26 9
14 13
18 12
3 16
9 12
23 13
13 19
12 26
14 11
20 7
3 2
21 27
20 27
3 22
2 19
5 24
6 18
26 2
22 14
23 3
26 18
0 24
21 13
22 19
24 27
26 12
13 4
23 6
3 27
12 18
18 17
26 8
20 24
10 26
23 5
13 21
7 13
17 1
10 24
20 19
23 3
3 20
19 26
26 6
25 23
8 0
24 6
8 16
15 19
14 10
8 27
3 16
25 5
1 7
1 5
26 8
20 1
0 11
12 11
18 21
6 26
21 2
17 2
3 4
5 1
26 13
1 13
13 10
18 26
17 3
4 16
23 24
1 24
20 25
19 10
19 9
20 12
23 9
26 25
3 0
7 1
13 21
26 23
23 25
24 27
13 24
22 9
10 2
1 7
5 23
26 14
16 11
10 9
9 20
19 25
20 26
26 17
19 8
24 15
5 21
26 18
17 20
12 27
7 25
19 12
21 17
27 21
