46
5 32
8 22
10 38
15 0
9 18
21 26
34 42
24 15
15 14
18 3
2 4
26 42
38 32
42 29
22 19
6 21
45 8
43 3
1 12
3 4
25 18
30 13
8 28
23 16
40 20
19 39
0 9
31 27
5 14
43 18
14 19
11 17
10 14
18 17
11 16
42 23
1 9
31 3
32 2
14 20
23 33
13 17
42 38
38 41
7 36
14 15
3 19
32 13
34 44
30 39
15 20
17 10
30 42
7 10
45 21
24 16
2 32
33 44
24 26
34 25
10 42
41 13
15 21
20 43
20 45
37 35
19 2
39 43
44 0
1 37
16 26
7 18
12 35
17 30
9 45
10 13
41 45
20 10
14 40
8 34
33 39
17 7
41 10
44 33
5 0
19 21
20 26
39 32
9 4
10 12
3 14
25 38
7 39
3 22
28 5
10 15
44 22
16 33
26 15
14 25
9 33
0 29
8 34
9 11
38 19
24 36
34 43
28 41
37 25
11 19
30 16
28 22
38 45
3 12
8 18
38 11
45 38
40 7
20 43
19 13
16 37
43 44
34 25
34 19
45 38
23 9
15 40
1 14
43 8
16 9
0 27
9 32
15 10
7 12
23 14
22 14
11 15
43 36
43 16
29 42
3 7
0 18
1 26
44 9
42 2
3 17
5 36
26 15
43 32
33 11
8 1
16 23
44 0
20 15
30 11
18 37
11 30
38 6
10 30
10 0
26 13
17 31
43 37
41 34
23 28
39 31
23 9
3 22
10 17
31 40
22 43
31 27
27 17
28 37
41 38
37 22
45 2
7 37
39 42
25 10
24 19
41 2
28 38
18 38
4 43
26 40
5 2
15 22
30 0
18 16
31 40
9 33
41 0
20 38
20 30
10 39
19 6
15 6
18 2
10 15
28 30
3 34
32 18
4 10
18 16
20 3
4 24
30 0
24 44
32 44
22 36
31 36
43 1
42 9
43 0
25 19
30 28
7 11
41 6
15 13
22 36
11 27
14 35
21 32
34 1
25 4
31 4
40 22
45 36
32 42
36 11
16 15
33 17
26 28
23 35
36 40
25 41
15 33
30 14
12 25
33 17
10 37
11 33
37 42
19 27
32 24
43 1
11 9
21 40
26 11
30 20
30 25
29 12
3 13
20 16
38 7
27 43
44 38
30 29
34 43
11 15
21 2
10 32
11 32
20 38
37 44
6 15
17 36
21 43
41 31
36 2
12 27
41 4
11 24
33 8
29 2
23 32
12 9
37 38
30 23
23 22
24 33
40 14
8 15
11 4
0 41
0 6
22 41
10 27
14 37
29 37
39 6
17 0
16 9
32 40
26 4
16 4
37 4
18 45
19 24
43 13
13 44
19 30
33 24
11 41
15 41
33 3
1 4
43 11
7 23
45 34
27 10
38 18
14 5
12 28
23 9
41 36
1 9
20 29
33 26
24 42
21 5
45 16
10 36
22 17
14 15
5 41
19 38
8 34
43 20
10 20
23 5
4 19
14 19
2 41
45 20
38 14
26 31
24 36
22 40
1 36
10 1
25 29
39 27
11 30
1 21
44 19
27 2
38 35
15 40
31 14
14 17
22 34
2 1
24 41
20 8
5 21
28 29
8 9
40 32
5 16
30 24
37 26
16 20
36 4
45 4
12 16
27 1
19 22
19 37
17 39
40 17
8 22
40 10
31 28
42 30
38 20
8 29
41 24
44 31
22 43
29 35
14 4
36 27
26 9
18 38
43 12
3 45
28 37
10 8
19 0
38 12
15 1
35 10
19 33
35 42
25 18
31 33
17 15
14 37
18 26
29 15
33 26
15 9
17 19
17 31
19 10
43 28
5 32
38 24
14 21
14 33
40 45
20 5
14 28
42 33
8 20
42 35
0 5
45 12
18 16
43 32
20 34
14 19
14 7
44 22
28 6
9 16
6 29
15 14
11 12
41 14
32 43
26 31
42 32
4 7
23 36
21 5
4 41
20 11
33 42
34 39
6 44
39 29
14 2
35 20
37 3
0 23
0 26
9 37
7 13
38 30
43 7
36 1
2 4
7 29
0 35
23 0
33 10
30 41
6 19
15 44
16 15
15 10
36 18
41 43
25 33
21 22
41 5
24 37
9 31
21 4
14 38
4 1
42 28
37 3
41 6
41 5
16 10
16 6
29 11
43 8
39 18
31 28
24 3
13 27
28 31
42 14
30 37
11 12
28 8
2 29
3 7
45 13
17 45
36 23
42 45
16 8
24 38
32 21
5 8
43 34
39 42
23 24
7 30
7 9
32 30
12 33
29 20
5 28
10 28
18 3
38 26
21 30
7 42
29 15
39 11
8 26
8 26
5 15
10 6
19 36
36 31
23 13
45 22
41 10
4 7
7 42
33 29
20 40
19 4
3 7
15 12
33 23
32 33
36 38
6 26
22 31
43 35
31 20
24 35
24 31
42 15
13 19
35 1
39 33
5 40
43 11
27 20
43 8
1 33
40 1
7 17
27 4
0 6
24 25
41 3
4 31
12 17
45 1
19 32
29 18
26 29
7 40
20 9
42 1
4 37
8 21
12 21
18 37
40 7
34 45
39 0
10 38
41 29
24 41
44 4
24 5
45 38
15 35
39 13
26 1
34 39
8 3
5 45
44 13
27 37
6 27
1 38
22 25
10 1
20 8
5 39
7 44
31 16
33 25
23 8
20 11
41 28
9 0
21 7
13 2
38 13
29 39
45 0
18 3
1 33
5 0
26 7
45 11
23 32
30 1
34 45
6 29
21 9
30 43
10 43
45 2
11 23
42 4
23 8
8 18
41 13
18 21
20 11
27 38
38 5
33 26
44 33
10 20
43 40
17 7
31 10
10 36
33 0
41 4
8 3
22 4
10 35
19 31
0 40
23 38
40 4
13 38
37 23
12 34
11 23
42 36
34 6
27 15
6 16
20 8
19 36
6 23
25 20
8 20
14 25
6 2
29 19
41 21
36 1
3 41
19 45
32 1
45 7
16 45
23 30
2 36
15 8
13 40
28 16
8 37
41 15
39 19
28 34
13 24
37 8
43 31
34 38
24 35
8 18
6 33
20 42
2 28
4 36
11 20
45 2
9 8
35 22
36 18
10 3
36 42
6 27
21 34
19 45
24 27
17 30
8 37
21 10
20 19
41 25
33 40
21 42
42 4
13 32
22 23
30 6
13 30
33 34
18 6
28 36
28 45
15 36
31 30
41 45
3 36
18 36
24 39
26 20
37 39
0 8
11 30
14 18
8 2
7 27
2 29
11 30
22 26
21 7
10 0
7 40
18 43
12 5
24 32
43 11
26 5
22 5
13 41
13 15
42 40
18 25
6 2
41 26
17 3
31 21
43 38
15 16
36 27
15 8
7 6
19 34
5 36
39 19
25 6
34 15
41 0
34 41
43 29
15 8
26 0
30 24
39 34
23 15
3 25
22 4
38 4
9 28
37 28
1 38
11 10
27 11
44 22
8 22
37 11
2 32
41 26
19 28
8 42
43 6
15 14
10 7
18 19
30 4
42 31
42 7
36 23
18 28
39 21
4 24
32 7
10 21
27 23
3 30
13 41
36 28
9 0
36 21
13 20
25 9
45 15
16 35
32 29
18 25
44 16
44 30
17 2
45 39
26 42
23 39
31 13
22 40
7 12
10 20
26 35
24 25
45 40
9 31
17 21
11 15
37 9
39 3
11 32
42 31
29 19
25 14
32 1
3 33
7 13
1 33
42 25
6 41
14 9
27 31
30 32
1 16
35 40
19 40
27 15
26 4
28 5
12 8
0 9
41 7
22 42
34 13
22 34
8 36
44 29
15 28
15 16
38 4
5 11
45 26
20 19
24 2
24 36
10 18
0 45
19 16
42 1
29 12
35 32
42 33
15 11
10 31
22 2
29 21
8 22
1 28
41 25
25 13
9 29
25 9
29 44
20 19
45 43
31 35
29 27
16 45
32 26
24 2
23 7
23 31
24 7
13 43
32 21
7 16
0 10
39 45
24 12
38 22
43 21
5 18
38 44
44 12
22 1
35 24
24 20
42 43
22 9
34 8
30 41
18 31
0 5
24 17
10 0
8 32
0 20
18 44
19 30
15 14
20 33
32 34
29 23
10 38
12 13
17 7
25 42
1 31
20 26
2 24
20 5
10 14
25 28
7 38
13 22
0 27
9 33
15 32
10 20
18 22
27 35
24 6
31 25
31 45
45 28
24 14
33 28
28 6
11 35
39 18
5 39
45 8
20 8
40 25
22 13
41 3
42 13
4 28
33 35
21 32
17 39
0 4
22 23
5 33
12 44
45 12
31 44
20 0
0 15
25 23
22 14
20 18
28 24
40 15
14 10
41 31
3 36
30 25
13 35
6 25
27 5
31 12
43 6
12 44
15 31
15 37
0 35
3 22
14 38
31 22
2 26
7 5
16 31
31 23
14 31
43 41
37 28
2 28
34 8
20 3
40 35
34 19
32 4
27 24
35 3
20 9
4 25
20 30
4 43
44 36
40 21
23 36
3 5
44 24
9 38
7 37
20 17
24 1
35 7
44 9
17 43
35 31
27 33
28 19
23 17
7 44
40 43
42 45
42 14
2 28
21 34
3 42
45 21
37 35
29 30
44 40
21 27
25 42
15 1
15 32
18 23
25 6
14 21
6 10
29 2
33 4
30 36
40 30
5 26
19 28
4 11
22 25
33 41
21 42
37 30
28 9
7 1
10 16
16 10
26 45
12 7
44 43
37 38
21 43
12 40
25 16
45 42
35 32
37 10
22 28
41 45
32 42
0 42
12 11
6 33
10 12
40 8
3 26
41 24
23 1
12 2
18 6
38 1
32 30
12 9
6 1
8 32
37 2
28 4
13 28
31 24
35 19
26 38
45 15
11 22
17 19
29 23
11 30
10 35
36 13
36 37
21 22
29 17
45 27
31 21
6 3
10 25
23 43
19 39
2 35
4 19
2 33
37 8
11 1
43 2
8 33
33 29
4 10
40 3
31 25
24 37
22 29
17 0
26 30
33 22
19 37
41 22
18 32
30 29
27 21
25 35
9 7
12 7
17 1
10 3
26 28
34 43
11 5
37 31
29 24
7 3
15 43
25 27
23 3
10 45
24 30
34 33
37 41
34 2
42 44
5 16
21 40
7 32
39 44
12 23
22 19
20 31
10 45
12 34
42 17
33 20
1 15
2 38
4 36
40 35
40 5
10 28
12 36
15 11
2 32
33 16
6 19
20 45
25 8
41 42
35 16
43 45
18 29
3 8
18 38
37 6
43 41
28 9
26 43
20 22
30 2
38 36
21 7
36 0
15 25
37 45
41 28
44 13
12 41
16 24
27 1
24 43
6 34
23 3
2 39
33 4
32 18
19 33
2 14
42 27
5 41
23 33
33 30
39 23
40 17
4 42
35 29
33 41
11 4
45 13
43 26
12 23
44 31
10 0
45 7
22 44
2 45
32 30
23 25
7 18
37 5
8 20
28 41
16 33
39 15
1 36
35 7
14 34
38 18
28 32
25 4
30 22
43 16
6 15
36 7
27 21
6 35
41 35
24 11
22 17
20 17
1 10
24 9
38 11
28 20
43 7
19 27
29 10
38 29
25 22
30 6
43 37
35 32
26 13
38 42
24 6
14 20
16 32
29 2
43 11
17 34
19 36
16 42
40 8
26 20
24 10
20 21
41 10
1 21
17 39
18 36
0 26
10 12
39 13
4 45
30 38
18 14
2 8
8 4
28 22
28 33
43 28
1 45
4 12
32 16
2 26
36 6
37 2
40 44
0 39
22 39
11 36
41 13
38 40
42 15
22 29
6 20
11 7
19 9
19 45
19 16
26 9
22 11
6 10
9 6
3 31
39 8
15 29
22 7
23 18
16 45
41 22
13 6
23 26
10 37
26 29
1 6
39 17
17 45
28 20
45 31
45 39
40 14
16 15
33 28
26 32
23 42
0 23
14 20
33 5
0 11
0 6
4 17
17 43
45 31
42 25
30 29
19 38
39 29
2 26
5 28
7 28
24 1
45 38
21 27
37 22
38 37
22 36
3 34
27 2
19 23
21 4
1 40
36 34
17 38
15 22
20 22
44 39
23 38
25 38
19 11
14 5
2 31
41 5
19 22
2 38
39 23
36 34
12 27
23 29
19 32
0 34
8 44
21 25
36 0
11 3
5 26
8 2
11 43
1 30
13 3
16 1
21 7
35 27
34 6
4 1
38 4
29 40
43 4
13 27
45 25
25 4
45 27
6 4
25 2
28 32
45 44
33 20
45 17
41 27
17 0
23 4
44 6
44 35
5 6
17 4
25 42
2 18
23 3
22 42
5 44
29 4
36 10
19 36
21 14
11 39
8 34
43 7
41 35
42 40
35 7
44 14
43 40
32 15
37 2
11 36
0 34
41 31
39 8
21 14
16 26
1 25
15 38
26 4
28 16
44 17
18 36
26 15
24 6
30 16
9 36
6 3
24 41
34 11
3 20
14 30
21 33
39 14
13 37
36 23
35 1
41 19
21 11
43 28
35 13
31 25
14 28
44 9
17 9
7 14
23 21
38 45
8 25
7 15
16 43
38 45
38 28
18 14
33 16
42 22
23 21
2 37
3 40
1 14
43 8
29 21
23 15
14 25
41 21
40 5
12 26
5 4
8 23
12 35
33 2
12 11
23 8
2 27
2 43
35 45
45 12
14 22
28 1
17 43
35 22
9 16
27 8
18 45
20 2
32 17
14 37
40 22
40 15
18 31
5 11
31 17
26 7
39 2
3 10
0 32
27 9
42 8
11 9
1 26
11 34
43 25
25 31
41 13
41 7
45 40
18 24
5 38
25 45
41 28
3 35
15 30
38 5
33 4
14 34
24 25
16 21
4 36
0 39
3 35
0 42
29 13
20 35
5 0
28 40
22 31
29 31
10 22
37 43
20 5
25 44
25 42
13 29
32 13
17 29
43 17
26 24
40 9
30 34
37 18
5 17
2 30
21 18
21 12
38 21
37 30
0 27
43 23
13 4
34 37
1 0
11 22
24 5
31 2
34 17
21 39
28 17
23 3
29 39
15 8
0 45
2 28
36 19
35 40
8 26
36 8
31 6
26 37
37 29
25 2
44 12
30 15
35 27
44 22
42 13
30 37
6 32
19 42
6 2
30 8
29 14
10 14
20 36
45 6
19 18
8 17
30 33
26 14
14 24
30 5
31 15
42 37
41 9
27 41
11 12
3 34
26 13
43 1
4 42
1 17
9 29
33 36
9 1
5 28
26 4
7 41
0 39
30 9
20 26
14 32
29 3
7 37
0 2
35 42
3 0
45 6
29 33
43 33
28 42
9 8
0 16
43 40
9 28
43 30
8 11
10 31
14 17
16 14
19 5
5 22
6 44
29 31
20 10
8 16
19 16
16 30
14 4
33 42
1 11
44 12
16 29
21 33
0 29
1 45
28 17
45 27
40 23
12 14
33 14
30 1
31 40
25 39
44 12
29 39
18 27
6 34
4 21
21 44
4 16
44 33
34 43
14 28
20 37
2 35
15 3
14 10
22 7
2 34
30 42
6 11
42 34
9 17
10 8
15 20
0 42
8 37
4 31
6 25
22 8
8 31
5 16
35 27
17 38
9 1
28 16
6 24
4 15
35 8
17 44
29 17
41 31
9 45
10 15
18 26
17 20
12 22
36 1
3 7
33 12
2 15
22 8
33 21
18 22
23 35
15 0
1 10
26 10
3 36
19 22
17 36
42 23
6 27
24 3
28 12
9 31
21 32
33 9
1 5
25 18
35 40
19 36
4 45
40 8
29 7
24 40
43 14
17 43
41 36
0 18
2 9
43 23
35 30
26 36
30 6
3 19
0 22
3 45
15 43
7 38
4 25
33 41
39 4
38 29
40 38
1 36
41 44
8 31
22 34
15 6
40 18
25 35
34 28
34 43
19 35
36 17
14 17
12 1
15 44
30 4
30 25
40 26
17 42
5 40
31 20
40 19
33 20
8 21
42 36
19 10
25 3
27 33
20 34
35 29
32 13
33 11
33 22
31 4
18 36
38 43
4 33
11 37
1 13
13 37
4 26
1 29
23 29
11 37
17 0
20 43
7 8
2 40
24 33
45 42
17 31
34 22
12 45
13 12
20 5
10 40
6 40
17 29
45 2
0 45
23 38
6 25
40 41
3 22
40 39
39 19
27 9
32 20
17 45
33 31
44 43
26 5
31 37
28 24
40 23
23 11
15 24
30 3
19 27
19 7
20 7
26 42
16 6
16 33
0 43
19 44
35 39
43 14
24 26
39 18
3 10
23 12
34 7
9 1
34 29
2 3
36 23
45 6
29 9
34 29
7 1
28 42
40 19
4 12
45 43
25 42
8 2
8 36
4 18
38 32
41 34
35 31
11 28
31 41
38 19
18 39
14 40
35 2
14 39
15 7
31 40
4 39
42 6
23 40
24 15
27 19
44 10
44 9
33 30
44 25
43 11
18 12
5 1
8 19
34 23
27 19
17 25
6 8
31 30
42 10
39 23
23 37
28 16
41 15
40 33
34 31
44 0
43 4
1 0
17 29
23 38
43 35
17 3
43 3
27 33
7 21
11 24
6 33
34 1
42 28
35 30
14 33
24 5
31 19
5 3
2 23
35 45
12 7
43 3
4 24
36 5
45 41
29 0
22 18
1 18
40 30
42 8
12 20
8 37
39 13
34 36
36 24
35 42
25 32
39 29
5 30
34 44
19 11
44 42
29 40
8 18
18 5
26 24
19 34
16 7
42 4
43 26
28 26
17 1
7 10
30 12
34 12
10 8
24 3
44 1
43 6
19 9
5 40
34 19
28 4
26 18
2 23
45 25
3 16
26 10
20 11
16 9
17 27
17 41
24 15
37 15
15 10
24 15
4 12
34 27
10 8
45 13
31 38
38 28
2 18
33 23
23 3
32 41
24 43
30 42
6 21
11 21
26 36
30 42
12 5
1 20
45 14
5 37
0 28
34 12
9 11
36 12
37 25
31 34
3 27
40 25
39 9
5 23
34 29
13 0
35 14
21 34
22 20
19 22
42 1
29 5
6 19
12 43
38 43
25 41
18 13
14 5
17 13
22 5
37 36
5 26
44 20
8 15
41 21
31 37
23 14
43 29
27 9
21 19
0 9
18 8
17 24
25 31
0 30
22 30
29 42
23 4
44 38
39 19
23 30
36 38
21 20
19 24
35 33
24 29
36 37
37 7
15 16
32 9
40 8
34 24
44 11
22 42
3 15
16 20
39 6
12 15
20 26
39 3
7 12
33 43
3 24
44 12
41 31
15 29
39 3
7 38
14 23
28 11
38 44
32 26
45 38
35 13
18 28
17 19
34 44
16 37
22 9
43 11
40 13
41 27
10 42
13 19
20 42
30 6
40 16
26 33
3 15
41 21
38 6
35 26
4 45
12 20
8 9
32 2
16 21
30 27
11 43
0 31
39 30
32 28
41 12
9 44
28 4
13 20
10 42
40 8
42 6
29 4
10 9
1 26
