25
12 18
9 17
16 10
17 0
15 20
22 7
18 9
5 20
6 18
5 20
19 18
9 24
17 13
9 3
23 17
17 18
4 11
9 20
24 2
22 16
24 19
24 19
4 16
12 0
24 9
19 18
20 11
7 4
16 5
24 10
1 3
21 10
0 20
12 22
14 13
18 13
9 22
19 1
11 21
2 20
18 21
14 13
7 21
20 0
3 19
10 4
24 6
15 1
4 23
20 16
10 4
16 6
7 2
3 9
0 21
5 14
9 14
12 6
14 17
2 1
24 1
10 14
4 16
20 2
11 17
21 24
14 2
6 18
7 18
18 3
0 9
15 23
21 6
16 24
10 15
2 20
6 7
11 1
11 24
21 9
20 23
24 1
17 7
21 12
12 22
24 2
12 22
1 20
13 0
5 3
2 0
11 13
15 23
12 11
7 9
6 8
11 9
0 20
6 14
7 3
13 12
17 11
13 14
1 15
20 7
19 22
18 6
13 8
4 0
19 13
12 2
21 23
12 23
18 20
13 2
0 3
14 17
14 2
6 18
17 3
0 12
1 18
18 16
4 24
18 0
12 5
3 11
5 17
9 23
14 22
3 14
3 17
6 19
20 14
12 14
18 12
3 21
8 23
12 22
5 12
12 11
17 23
18 11
7 19
0 7
22 14
10 14
20 4
11 12
19 3
5 6
6 1
14 5
13 3
4 20
18 16
6 10
16 0
22 24
21 22
8 18
14 20
7 11
1 21
23 20
24 3
2 5
6 18
10 19
24 15
17 8
23 4
0 1
1 21
1 11
16 15
6 24
1 7
20 0
3 21
5 7
1 12
2 14
8 1
6 0
20 14
1 0
16 3
3 17
2 4
5 18
21 11
19 23
21 16
0 24
12 7
8 16
21 12
5 7
14 11
9 11
0 12
11 17
16 17
11 20
21 19
15 18
5 12
18 1
3 20
2 18
4 12
9 1
0 14
8 16
0 17
2 7
16 21
23 8
10 20
4 10
24 11
24 19
13 3
14 17
23 21
5 7
22 7
23 7
23 0
1 0
2 8
18 1
8 1
13 3
8 17
16 9
3 15
4 18
20 13
18 16
18 2
15 0
2 22
0 2
1 2
7 9
21 10
20 22
23 7
15 16
17 20
9 23
14 4
20 4
0 14
24 4
4 24
7 4
1 11
7 3
18 16
24 5
11 24
3 12
8 20
5 0
16 14
0 7
21 23
11 21
12 10
2 18
11 24
12 23
6 17
18 0
17 24
13 18
4 0
1 0
6 4
16 22
6 0
18 4
11 16
16 23
19 10
9 7
9 23
7 16
15 3
18 9
2 6
2 8
7 6
8 15
10 24
12 16
1 8
21 12
24 14
10 20
1 21
5 13
21 12
4 12
15 22
23 19
5 3
3 12
9 11
4 21
13 19
14 2
12 4
3 2
16 1
5 13
6 18
9 18
24 23
9 23
24 3
4 2
8 16
13 20
23 9
10 17
23 24
21 11
3 24
15 20
0 20
10 6
14 21
2 13
22 13
12 21
18 23
2 9
11 24
9 22
9 1
20 10
24 8
16 24
0 13
1 23
23 10
14 19
12 2
18 0
16 14
18 11
12 22
21 0
21 7
22 7
11 20
18 10
3 9
11 6
22 13
4 22
0 18
18 14
22 12
14 16
1 9
2 16
9 0
16 5
8 16
13 19
11 8
4 16
17 16
24 14
6 3
11 6
23 4
22 21
18 13
14 20
24 16
11 8
19 4
16 2
22 6
23 8
14 4
2 6
22 1
22 3
7 10
11 5
16 8
3 10
21 17
5 21
11 18
6 5
24 22
9 22
3 7
7 17
13 9
0 11
13 24
16 22
9 5
2 3
15 8
13 14
0 20
12 13
13 18
18 14
16 4
11 21
13 19
16 2
5 16
15 20
16 6
17 2
11 20
5 4
5 18
18 5
15 5
19 3
23 14
20 16
19 6
15 9
2 6
11 8
24 1
3 15
10 21
20 21
18 0
2 0
21 20
5 11
2 1
17 3
18 12
19 14
18 11
23 21
17 10
6 17
13 11
9 23
9 4
22 4
7 24
4 3
22 10
14 24
13 6
2 8
18 24
22 14
10 21
12 5
8 18
24 23
4 10
22 16
17 21
20 24
22 0
2 19
12 18
21 0
0 23
9 20
24 8
9 10
4 21
17 14
16 13
23 3
12 14
20 8
9 19
5 11
23 2
23 17
23 1
17 23
12 14
23 20
24 10
2 22
2 16
16 20
6 14
0 18
5 21
3 14
15 9
1 14
13 1
6 11
2 0
11 14
14 9
12 15
19 14
15 23
7 6
20 14
22 21
7 2
17 11
16 9
22 19
0 12
21 6
23 8
11 15
0 21
2 15
17 18
5 18
0 13
13 14
10 11
24 12
5 12
4 17
11 0
17 23
21 1
23 22
9 12
9 7
16 2
0 9
7 18
9 21
8 1
8 22
2 21
4 16
2 21
4 2
14 2
1 15
2 23
1 13
12 11
21 5
13 23
14 22
18 0
20 1
3 4
0 7
0 5
23 4
1 2
6 17
6 7
7 10
7 11
24 21
22 1
12 20
17 11
13 18
7 16
23 13
17 6
15 22
6 19
0 11
0 18
17 10
2 5
19 13
4 16
12 1
17 1
23 10
13 11
5 22
4 5
10 21
11 2
20 21
23 6
23 18
0 8
20 5
5 9
11 21
23 12
15 0
12 2
13 0
7 10
5 15
22 3
3 1
1 23
22 24
6 20
17 7
6 14
12 11
0 24
9 24
13 24
24 3
2 12
3 11
24 10
3 23
14 7
24 17
5 23
16 12
20 10
21 1
1 8
14 2
9 23
1 0
0 5
4 14
8 17
15 19
21 15
10 3
14 2
8 12
20 22
9 7
18 11
8 4
2 10
15 3
13 17
5 15
22 9
4 8
1 21
4 22
11 14
0 16
11 14
11 10
24 18
4 12
3 10
16 14
0 19
4 20
24 20
17 10
24 2
12 23
6 11
9 20
12 13
0 3
24 10
4 19
16 23
3 10
14 6
4 18
1 6
15 20
16 17
23 5
15 4
17 24
2 6
11 15
6 15
17 18
19 11
12 13
11 15
23 2
21 4
23 22
10 13
20 4
5 18
9 20
24 1
22 1
7 10
19 15
0 11
11 22
22 23
12 11
13 10
13 10
16 11
9 4
0 4
8 7
24 19
3 24
23 2
2 7
12 21
0 15
7 11
12 7
9 24
18 22
11 6
9 2
18 21
6 20
2 16
2 13
7 1
11 9
5 20
22 2
20 12
11 6
1 20
15 2
13 15
15 22
1 19
15 22
3 12
0 19
14 4
9 22
5 20
8 12
16 5
16 13
19 3
20 22
23 12
1 14
2 16
11 6
11 3
3 14
15 5
10 6
9 20
3 16
17 14
6 8
19 22
22 16
2 19
15 3
6 17
17 9
8 5
17 19
8 22
10 0
3 21
6 14
18 12
8 10
1 14
21 22
13 20
15 16
14 6
19 20
23 13
6 18
23 3
1 21
15 3
1 13
9 17
6 23
2 17
1 18
13 24
7 10
14 23
24 22
19 21
20 7
5 4
0 5
9 3
3 24
6 4
15 17
24 21
16 1
15 17
20 5
18 4
15 10
4 16
7 23
13 5
5 20
9 7
0 20
10 4
21 18
10 11
10 11
10 3
13 0
23 10
6 16
16 23
3 20
15 13
18 5
18 0
0 4
9 0
24 19
6 20
12 17
9 24
3 19
3 18
19 1
5 2
19 21
1 0
16 18
13 11
23 8
13 23
12 22
0 11
16 9
8 5
1 17
7 6
11 10
2 8
13 7
10 9
6 13
11 24
6 24
11 4
9 24
4 21
22 7
9 15
16 18
23 17
12 5
0 24
17 2
9 5
12 19
16 18
8 3
17 14
4 5
21 14
5 0
12 4
7 22
21 23
15 19
17 2
24 20
3 16
24 14
23 11
9 17
6 19
22 1
10 3
6 19
13 9
7 19
18 4
16 19
21 10
11 0
10 8
6 3
8 20
4 19
6 21
3 0
18 4
13 21
12 21
16 1
5 0
22 1
4 13
20 2
24 6
2 11
17 8
16 0
6 20
21 12
16 24
15 11
3 8
16 1
1 19
7 1
16 10
7 5
9 8
13 19
5 22
12 5
5 8
2 17
1 9
13 7
12 23
0 14
24 21
23 2
14 10
11 21
15 20
4 3
8 0
9 7
15 16
12 23
20 7
1 22
16 14
6 12
8 22
13 4
22 17
18 7
3 17
22 0
23 2
9 1
13 18
16 5
8 14
0 17
17 24
10 7
5 16
21 13
15 12
19 12
6 15
21 10
7 18
10 5
23 21
6 11
17 22
16 2
13 19
19 6
18 4
15 1
23 13
16 13
0 11
1 7
1 24
19 10
20 6
17 18
5 24
4 22
23 1
14 17
20 22
12 1
14 15
24 2
9 15
5 20
18 12
23 17
8 10
12 14
2 5
21 3
12 20
4 10
21 18
4 18
17 18
22 6
11 21
10 20
13 15
17 6
4 15
24 12
2 11
4 19
2 8
6 23
12 18
21 7
24 15
1 17
12 9
3 10
19 0
1 10
17 7
14 7
6 4
11 20
10 16
14 12
1 20
10 15
15 7
22 14
24 0
8 13
9 12
0 3
12 1
15 7
9 5
16 17
11 3
12 21
19 1
8 20
23 21
12 13
5 11
4 6
11 13
19 20
2 21
0 16
23 16
23 9
23 15
3 11
18 16
7 12
19 17
9 20
15 21
8 20
9 13
3 20
