38
18 20
28 16
1 0
4 16
27 12
19 29
14 29
29 37
35 7
28 22
27 16
29 9
2 6
0 4
26 16
33 7
15 1
23 16
17 27
10 6
18 7
14 32
36 5
9 12
28 15
34 17
9 25
26 11
9 26
31 35
5 4
4 20
5 27
14 22
33 3
7 13
10 21
23 9
4 10
21 33
25 33
28 34
36 17
23 7
21 16
4 20
25 2
3 14
33 3
25 36
10 0
24 9
1 11
30 11
32 3
14 27
31 26
25 26
11 10
10 5
15 30
25 18
33 6
32 28
10 20
4 36
36 28
24 0
2 32
27 12
35 4
18 28
30 21
17 4
32 5
25 35
13 5
8 35
15 14
23 13
18 0
28 25
24 6
5 18
33 31
37 13
21 8
13 16
28 7
37 15
10 13
6 31
37 4
24 14
5 0
10 5
6 13
7 12
18 3
7 14
34 23
5 34
31 18
28 37
3 28
14 13
19 21
22 18
3 9
32 8
25 21
14 31
34 21
21 15
3 28
7 37
29 12
33 22
31 2
21 34
8 14
26 27
35 26
7 16
35 18
24 0
1 16
31 13
16 30
6 19
21 13
18 12
4 30
13 32
12 25
2 26
13 7
1 2
14 17
15 10
4 16
27 20
25 3
36 18
9 33
17 1
14 7
5 22
20 34
32 11
21 34
37 35
3 17
15 33
34 8
6 16
24 11
15 28
14 29
8 2
25 3
3 1
10 24
1 9
20 33
36 19
7 13
32 26
30 9
21 5
18 5
21 20
17 36
10 9
28 34
27 15
15 30
32 4
32 11
13 30
6 27
12 13
2 6
1 33
32 0
0 28
22 37
26 17
36 37
26 4
11 16
35 5
24 7
9 35
18 0
5 24
27 33
15 29
2 32
2 12
32 18
2 16
18 28
11 32
5 16
14 33
32 11
0 34
18 25
9 36
25 15
0 14
10 15
21 28
25 24
2 19
20 14
0 27
25 32
32 3
8 5
13 35
21 26
31 8
13 29
33 28
7 25
17 0
25 7
25 27
26 23
9 24
37 10
13 2
20 24
22 7
29 13
4 13
17 36
21 31
5 33
37 29
36 16
29 23
2 33
12 6
18 22
30 33
10 22
35 30
8 35
15 37
27 36
28 6
34 28
15 17
23 15
24 37
9 16
1 27
27 13
11 7
13 20
2 23
4 15
32 12
29 25
11 18
23 2
2 35
30 34
15 31
11 1
8 36
33 9
4 22
23 15
7 14
35 25
16 1
19 26
13 26
13 3
22 37
21 24
34 29
20 27
0 9
29 8
24 2
18 28
3 5
26 33
19 14
11 36
11 37
28 37
13 31
21 28
30 23
24 21
22 14
21 31
21 29
17 23
25 7
4 6
29 31
2 26
23 29
24 34
29 14
11 20
23 32
10 15
33 12
14 17
26 35
11 9
5 6
11 30
30 31
37 2
17 25
25 8
11 37
15 26
10 35
11 20
23 5
32 36
19 11
2 33
0 28
0 7
1 8
15 10
23 14
13 2
1 0
27 28
16 4
16 4
18 6
25 19
11 19
17 30
8 20
25 9
26 3
16 27
28 9
37 13
23 28
32 24
29 37
14 7
3 9
11 37
15 14
19 4
11 36
34 36
34 0
7 22
3 1
27 31
10 5
23 33
33 35
2 32
27 25
13 14
15 13
29 7
32 11
19 8
8 17
21 8
2 21
27 3
11 37
13 32
22 24
5 17
21 8
27 26
33 2
3 26
31 10
34 25
22 31
12 8
10 33
16 28
16 21
31 5
20 22
15 4
24 21
37 7
7 4
11 18
23 14
7 16
25 3
20 25
34 32
33 22
27 12
21 10
21 27
31 21
20 13
7 3
29 30
10 11
3 7
34 14
13 37
33 24
29 5
19 29
10 24
19 31
34 2
36 5
23 19
35 8
0 4
0 27
15 19
34 12
15 10
3 14
5 14
16 12
35 13
3 7
37 22
0 12
2 37
17 3
34 30
11 34
34 27
23 12
8 19
2 24
7 21
16 12
13 11
2 10
24 5
17 24
27 33
36 7
10 31
10 6
24 21
3 36
10 4
26 35
2 6
37 9
27 15
0 18
4 2
28 29
8 23
31 13
19 7
21 29
16 9
36 18
9 17
17 35
37 5
32 1
12 31
11 17
25 27
36 29
29 4
36 15
28 29
29 9
14 28
16 31
37 30
11 8
25 28
22 25
12 16
4 2
10 31
19 13
20 33
20 12
0 19
27 6
26 34
31 3
2 9
34 18
18 7
4 5
14 26
30 26
5 13
28 31
6 25
6 27
21 26
17 37
23 6
5 12
19 14
15 21
1 27
1 19
34 6
25 10
32 33
14 15
8 20
8 31
8 30
20 29
19 37
6 20
21 27
32 18
3 25
18 4
14 19
2 11
3 27
37 14
0 30
29 25
12 0
18 20
30 16
27 31
33 10
30 0
20 11
3 8
29 24
22 26
26 11
30 31
27 6
9 19
35 34
9 13
30 6
8 35
11 1
9 21
32 9
4 21
29 28
28 15
12 16
19 24
24 28
29 30
37 10
6 12
19 4
27 3
13 25
31 30
34 30
2 21
12 1
12 2
29 5
15 24
2 17
10 30
8 19
8 34
25 20
15 22
24 21
4 15
24 35
24 36
27 26
19 2
6 10
4 35
15 35
21 34
30 10
26 16
29 34
12 16
16 6
16 19
27 36
12 13
33 36
11 1
3 8
19 9
18 1
22 12
37 22
8 7
32 34
24 23
9 36
17 3
20 11
22 25
10 35
16 21
11 27
0 14
14 19
1 32
21 24
22 36
8 30
21 18
5 7
3 14
22 36
33 20
9 18
8 35
31 24
19 20
30 35
35 6
17 36
16 0
1 30
8 9
13 4
14 37
23 6
21 2
3 9
36 27
6 7
14 3
27 6
1 24
28 34
1 6
12 1
23 20
26 33
33 30
9 10
16 32
9 15
34 29
24 32
18 9
17 32
28 6
16 7
9 6
3 26
29 31
27 14
13 31
9 25
2 35
35 34
29 23
11 3
14 13
32 1
30 27
29 36
21 37
23 28
2 11
19 12
17 11
3 10
37 28
12 34
4 8
3 27
36 6
3 28
19 35
29 27
2 20
25 2
19 27
30 0
0 27
12 17
16 15
6 15
22 34
27 26
21 30
31 19
14 12
9 33
25 0
22 6
36 26
8 18
15 16
34 31
5 8
27 21
1 33
15 23
29 4
27 28
35 36
9 11
10 34
23 14
12 23
20 11
11 28
7 4
6 3
14 27
27 19
26 28
14 3
14 21
24 19
12 37
18 37
26 6
34 11
20 24
35 2
35 24
8 4
7 14
23 37
19 12
18 8
3 10
27 33
9 13
14 21
12 10
37 17
17 11
28 15
35 3
18 33
6 26
15 29
19 1
28 16
29 24
2 32
34 30
5 21
36 5
12 8
4 29
3 15
35 19
12 1
15 23
23 19
17 14
0 34
20 33
25 6
35 36
2 27
3 7
27 1
12 17
10 32
8 13
9 21
10 0
0 25
23 7
2 15
23 36
35 18
2 3
16 0
21 3
29 26
5 19
5 31
14 29
22 1
13 33
1 13
36 3
37 5
5 14
29 20
28 25
22 31
19 0
15 3
3 22
7 24
19 13
17 11
20 18
13 33
29 30
9 27
33 24
11 17
16 2
15 6
5 15
16 25
15 9
6 34
9 13
21 6
26 16
18 9
12 9
20 3
17 7
31 13
9 4
8 26
22 23
10 5
16 4
30 31
29 36
27 0
12 26
7 16
5 3
3 33
28 2
37 7
9 8
36 19
28 6
23 12
7 11
33 23
32 26
32 23
24 22
2 14
10 9
9 31
28 27
34 30
4 3
2 12
18 37
2 24
22 30
10 11
25 11
5 29
6 29
32 28
31 24
16 18
33 26
24 31
20 32
35 1
34 25
19 11
5 22
33 13
10 23
16 21
28 8
27 35
18 17
6 4
12 2
0 16
4 2
9 24
34 22
4 9
25 23
20 8
23 32
21 33
17 15
17 23
23 6
37 3
2 21
24 30
2 8
6 4
33 9
16 33
13 3
20 14
24 6
0 34
27 33
29 4
28 14
6 13
29 25
15 29
11 7
31 13
31 37
33 26
8 12
37 15
19 14
17 3
14 13
30 25
4 12
32 35
18 7
4 22
22 33
33 7
26 25
0 4
20 4
12 10
3 12
4 0
4 37
3 18
13 11
21 33
23 15
30 20
22 35
4 22
8 15
29 35
2 7
17 1
27 29
27 30
19 9
30 1
9 11
35 22
22 19
17 8
12 26
28 13
1 10
35 9
25 5
22 6
28 1
23 18
9 28
10 28
0 19
8 9
30 5
9 15
24 26
1 15
30 29
28 31
17 3
3 4
24 25
26 15
27 33
36 18
21 4
18 12
27 18
36 4
20 2
5 35
11 12
3 4
29 7
7 11
31 11
16 8
16 5
19 30
1 19
34 19
15 25
24 4
21 0
8 3
19 29
17 30
3 20
34 10
27 20
0 21
9 16
7 25
37 5
17 1
24 29
36 1
16 23
6 15
1 30
35 20
0 14
12 19
34 25
30 2
23 30
1 10
24 8
35 1
29 30
2 31
37 1
11 32
2 33
9 3
25 6
2 3
20 14
23 33
17 15
13 18
23 14
28 25
0 3
26 30
11 7
1 11
24 12
5 26
7 14
7 11
21 9
14 19
2 37
30 35
30 5
16 31
19 22
18 36
26 23
6 15
30 7
26 16
20 31
20 27
24 27
16 23
15 31
20 17
8 13
30 1
18 8
32 16
9 13
30 13
36 28
6 5
17 0
3 26
20 9
12 25
25 13
18 34
34 13
5 9
6 5
30 0
37 1
29 14
5 21
11 27
16 11
30 4
9 1
33 13
5 24
31 1
20 7
22 29
13 28
13 5
7 12
23 14
20 15
20 25
36 9
14 30
37 23
35 8
2 8
21 7
32 15
25 15
0 9
22 13
0 13
34 23
4 19
37 24
13 19
27 7
20 6
5 33
30 7
3 14
15 13
7 18
6 23
27 7
36 5
20 10
28 24
8 6
26 21
25 16
10 36
30 16
3 25
9 10
6 1
3 20
24 37
4 9
27 11
23 32
32 33
1 34
3 7
23 2
10 1
13 21
15 21
15 18
25 24
6 31
3 26
29 5
25 34
14 23
15 25
33 11
4 30
30 11
15 11
37 32
24 20
9 23
36 27
10 0
11 20
4 37
27 9
3 1
2 17
25 17
20 6
24 28
15 13
5 26
13 15
28 33
24 13
9 29
2 10
3 0
30 18
27 17
21 7
19 17
10 15
37 30
37 2
21 14
15 4
2 28
20 30
2 6
22 27
14 2
15 17
2 7
13 7
3 35
14 0
30 24
15 29
33 15
9 32
7 25
36 10
31 34
18 11
19 18
1 33
20 16
28 0
2 3
8 5
16 0
5 8
3 37
16 14
30 25
8 37
12 22
25 22
35 6
33 16
2 12
11 23
7 17
1 9
36 9
30 15
26 13
1 7
12 17
21 4
5 29
4 33
29 17
26 13
29 4
16 3
31 17
10 26
18 35
25 6
5 2
10 19
3 17
31 21
0 14
4 7
34 37
36 3
33 3
17 24
23 11
27 33
6 16
21 24
29 8
8 35
26 18
16 8
35 25
7 35
1 11
20 35
26 35
17 21
0 34
7 1
23 13
34 29
29 34
31 20
4 2
33 9
36 11
17 34
37 2
9 16
29 8
30 17
5 9
1 21
21 24
22 6
37 35
13 6
31 22
5 13
24 0
22 1
12 17
13 27
35 0
5 26
8 35
6 13
6 23
12 27
9 35
11 25
10 2
31 3
25 36
32 27
15 33
28 5
12 3
32 26
4 37
14 28
13 36
20 19
21 32
25 31
7 14
18 17
17 27
36 4
4 31
31 19
26 0
24 16
3 34
4 23
11 35
14 24
33 12
22 17
6 25
26 14
1 22
9 18
11 8
0 31
17 32
12 5
10 14
37 13
26 20
15 0
17 7
24 12
19 24
7 3
11 17
13 33
5 9
23 29
10 16
8 20
7 29
30 37
6 21
26 14
26 5
21 28
34 18
15 19
22 26
31 17
17 4
0 27
27 29
15 22
15 35
29 22
5 28
29 4
16 33
35 20
17 34
11 13
15 26
32 15
30 3
32 10
8 33
15 13
2 30
35 34
5 4
18 26
33 25
30 27
37 5
10 16
2 37
29 17
3 1
32 33
21 4
21 29
15 36
4 34
6 18
30 11
22 26
15 33
14 24
1 29
29 27
7 31
26 36
26 7
15 20
18 36
3 2
5 34
16 26
30 23
22 12
6 11
6 18
3 30
35 32
21 24
1 31
28 15
19 13
8 18
31 23
21 33
28 17
28 32
10 13
16 10
3 1
37 9
35 2
17 32
12 1
34 29
32 2
22 13
15 31
9 8
32 30
20 0
26 10
33 14
1 27
24 4
28 2
30 25
4 9
35 33
26 31
24 36
11 25
28 26
18 37
35 28
30 33
28 34
5 1
26 6
29 28
26 19
30 18
23 13
6 36
8 32
8 10
31 19
35 21
8 31
20 21
21 28
16 28
24 21
29 28
5 20
19 31
18 11
12 19
24 18
17 32
28 25
21 7
18 20
31 12
3 14
11 9
8 1
12 29
31 2
34 29
21 5
25 33
17 6
35 13
2 30
4 5
13 25
12 9
24 21
37 27
35 11
36 21
12 10
12 21
29 24
29 12
30 16
7 25
1 5
1 19
13 21
24 4
24 15
29 10
36 29
37 12
2 14
33 30
2 24
30 31
26 21
6 18
15 29
22 32
12 23
13 3
22 16
23 8
31 15
19 7
6 34
19 24
10 31
16 29
33 8
22 21
7 6
18 23
14 2
33 4
3 9
8 25
25 9
33 34
2 30
3 8
27 1
10 15
32 27
6 5
13 7
26 21
29 6
22 5
8 17
26 27
4 12
14 29
21 26
3 24
18 7
10 23
8 21
1 18
26 23
23 17
8 27
16 0
34 0
21 20
34 9
10 0
21 2
8 5
6 11
7 3
34 17
26 4
16 5
0 20
7 1
0 15
29 16
31 3
33 15
23 29
24 11
7 8
30 15
29 36
5 36
1 31
6 22
26 11
22 8
34 2
8 12
9 3
21 12
36 35
27 23
25 34
9 17
28 16
15 11
30 33
12 23
1 34
27 28
35 36
25 15
22 15
24 25
36 1
13 11
28 14
14 3
23 31
9 17
25 20
9 20
10 21
7 0
27 20
14 35
14 7
37 18
22 35
19 35
24 26
11 1
29 12
10 16
29 35
36 0
17 8
10 16
31 26
6 29
2 36
4 17
6 3
35 28
16 3
19 4
14 20
11 4
30 5
33 6
3 11
23 28
37 18
37 26
24 29
6 22
11 23
6 31
36 12
9 31
15 6
13 29
26 3
33 35
8 6
19 28
17 4
18 17
22 33
21 24
2 27
9 14
29 31
7 27
6 32
36 21
1 12
29 5
31 2
18 1
9 37
29 4
20 25
37 4
21 20
7 1
26 32
15 17
25 0
22 31
11 37
15 12
11 6
33 20
24 14
21 11
13 29
16 11
16 31
32 15
14 1
33 18
33 26
35 20
27 35
14 0
34 7
28 23
29 23
5 15
37 5
27 29
34 5
2 28
14 12
22 6
13 33
24 8
21 37
29 26
35 21
4 9
28 32
11 19
34 32
12 11
37 1
18 11
22 37
18 37
11 18
5 25
13 30
33 12
7 2
1 4
1 5
30 7
16 3
26 12
35 1
23 13
18 4
2 3
3 36
2 14
16 23
17 7
31 29
20 1
9 37
5 11
4 13
18 36
32 23
10 8
2 12
21 20
16 1
23 35
0 3
27 32
5 7
2 36
36 0
37 7
37 21
18 19
34 15
18 29
0 6
15 2
18 14
22 34
15 24
9 15
5 37
10 22
28 9
20 28
24 5
5 7
2 4
17 20
11 33
27 4
35 7
18 35
20 33
37 7
27 5
6 15
31 28
21 18
26 27
5 32
32 12
34 32
29 33
21 24
22 3
21 7
21 34
5 33
34 13
0 17
35 15
26 4
36 23
30 25
28 2
35 18
36 9
29 27
4 28
29 4
32 12
28 15
25 33
10 37
24 10
32 22
3 20
26 17
5 34
20 11
37 33
30 13
5 21
19 25
11 10
8 21
1 36
37 4
9 25
3 12
14 35
12 17
33 0
35 17
12 33
28 27
29 36
3 34
35 0
37 25
26 7
8 5
21 7
9 11
12 21
25 33
4 21
11 17
0 1
13 6
29 4
5 10
16 18
26 15
5 14
23 30
20 22
15 29
31 26
4 30
13 7
3 34
28 14
29 6
32 4
13 23
24 34
11 2
30 37
34 14
13 19
6 11
19 21
3 13
26 23
21 1
30 25
13 37
17 5
5 11
9 34
12 8
23 14
1 22
26 31
36 23
37 9
5 36
28 18
24 13
1 26
22 4
17 21
22 4
33 10
17 8
22 25
31 14
4 32
3 35
8 26
12 17
31 11
24 27
35 15
7 1
37 11
19 36
33 3
19 7
13 36
31 13
23 24
28 6
18 31
19 26
19 32
22 29
5 24
18 1
3 20
17 31
17 31
26 36
12 11
28 10
4 3
12 7
31 18
3 2
37 8
22 9
8 29
14 32
25 11
11 29
9 6
22 26
16 26
2 28
16 30
17 20
34 7
27 5
25 9
8 2
17 8
12 25
37 4
35 2
31 8
31 2
31 6
9 20
9 15
36 1
32 34
13 1
2 19
4 11
5 23
6 13
13 31
28 33
6 30
27 30
2 29
23 33
36 10
31 23
26 7
24 36
4 16
16 6
35 36
33 18
21 1
31 12
10 37
8 16
7 13
24 9
20 10
5 18
36 19
24 6
6 23
26 22
17 10
35 15
5 15
15 22
24 27
32 23
13 26
30 26
12 18
9 0
23 5
37 25
1 21
9 2
25 9
19 35
6 35
2 37
12 24
1 17
34 2
31 0
32 19
13 28
6 29
29 12
28 7
37 8
28 24
10 16
33 8
29 1
5 32
16 33
34 17
28 9
19 21
9 29
19 0
20 25
30 27
15 36
34 30
6 25
16 17
19 11
3 10
28 8
20 6
19 33
1 25
4 36
25 29
28 6
30 26
9 22
15 3
20 12
33 5
15 12
0 12
23 3
0 30
27 21
14 8
16 11
36 14
36 27
20 19
24 30
19 18
11 2
8 6
23 34
23 13
20 26
13 28
15 12
4 1
28 36
12 4
29 11
10 11
31 29
14 1
27 32
12 29
2 35
14 3
31 15
32 13
3 7
19 18
20 24
19 26
22 31
9 13
20 19
3 30
26 17
31 15
27 22
22 7
19 36
10 12
29 20
4 32
27 23
12 25
25 9
14 10
19 1
1 20
4 9
8 37
