28
26 15
14 10
14 4
22 26
2 3
3 15
20 26
10 21
27 11
15 18
22 6
27 15
26 21
13 3
23 16
13 10
14 24
9 19
2 19
5 22
5 9
5 15
14 4
26 25
3 16
4 22
0 3
20 21
16 7
0 16
21 23
3 1
4 22
3 23
27 20
17 4
1 6
3 15
10 2
25 26
2 13
20 2
0 12
7 17
3 8
17 24
3 20
25 7
14 12
14 26
4 15
14 17
22 18
17 16
4 14
14 6
11 6
21 11
2 0
12 6
8 2
14 11
22 24
2 21
8 16
3 13
4 17
2 26
19 26
7 17
13 14
12 3
7 24
18 19
20 24
0 22
22 23
1 18
26 6
27 14
21 24
18 22
26 0
14 2
27 21
3 24
19 16
27 10
24 17
2 16
25 14
23 20
9 8
10 7
26 9
6 19
17 8
13 0
9 11
2 20
17 16
20 17
27 15
13 1
1 14
26 15
21 2
8 1
25 16
11 18
22 14
8 14
11 8
23 22
27 24
11 27
16 1
11 15
26 12
16 12
22 3
5 9
12 18
6 12
1 24
18 27
4 11
12 6
6 23
14 2
23 14
3 18
2 13
2 18
26 8
6 15
17 18
18 7
14 3
4 3
8 20
14 5
16 4
11 12
18 25
19 4
0 9
6 14
23 25
24 3
3 23
5 13
12 19
17 16
7 20
9 11
6 14
0 10
9 24
0 7
15 16
19 24
23 17
19 20
25 6
7 21
11 24
6 8
27 23
8 6
27 17
1 5
15 13
27 9
9 11
16 24
0 19
4 23
21 7
27 18
14 6
11 9
2 17
1 25
26 19
9 27
4 26
27 18
26 8
11 9
8 20
9 27
24 16
20 16
15 23
14 5
6 23
19 8
25 4
18 7
7 27
18 12
9 17
14 7
25 1
5 17
22 17
26 11
21 14
10 16
0 16
7 19
15 16
24 17
23 15
0 14
27 10
15 13
1 13
23 2
2 12
25 19
10 20
25 8
2 13
8 2
4 0
6 20
16 14
21 12
1 22
10 13
16 25
26 17
22 5
4 25
18 1
0 12
5 25
21 19
23 13
22 27
13 12
3 2
26 9
26 27
15 20
12 3
1 23
4 24
0 8
5 2
21 5
15 10
15 20
2 22
5 8
5 19
20 9
5 18
18 15
1 17
7 14
20 8
21 8
4 21
1 21
8 22
27 23
5 26
15 7
20 4
27 25
7 19
18 12
9 20
11 10
9 18
8 13
27 1
22 15
7 23
9 15
1 20
22 18
2 21
9 6
25 8
15 17
27 6
1 20
10 25
15 4
15 7
17 26
21 23
26 0
2 19
27 16
23 5
6 25
26 16
3 7
8 2
24 20
20 10
12 3
7 27
19 6
19 8
5 12
16 3
12 2
6 23
18 1
12 9
26 22
9 13
1 17
15 10
9 8
4 22
23 5
14 1
24 6
6 8
22 21
4 9
27 11
27 0
23 20
10 17
1 23
3 19
23 25
12 3
1 18
26 24
24 25
4 2
16 25
9 21
13 18
5 9
1 17
16 22
0 6
23 7
21 26
2 18
11 17
3 1
27 9
23 8
26 10
8 7
19 2
20 21
7 1
6 24
18 0
8 16
13 18
2 3
1 20
6 15
19 17
24 27
25 22
9 6
1 12
20 6
5 27
19 23
7 21
8 16
13 0
16 26
18 13
4 10
19 14
8 15
25 18
22 18
8 7
2 0
25 19
27 17
14 18
10 6
6 8
6 22
6 25
13 20
1 7
23 20
5 16
19 14
6 25
4 14
5 18
26 2
9 25
3 8
15 26
14 6
6 21
12 2
9 16
3 17
12 7
6 12
26 21
18 8
9 16
