33
11 17
8 9
7 31
25 23
9 25
5 10
30 7
0 4
19 9
19 15
14 29
1 17
7 12
29 19
32 16
27 10
0 18
8 31
8 29
5 0
32 15
28 5
13 32
24 20
17 6
0 13
5 17
18 13
5 17
29 30
26 29
30 11
2 26
19 30
31 17
29 11
12 1
22 9
25 10
26 30
10 6
2 27
23 18
5 28
1 32
23 27
28 20
3 29
13 22
26 9
4 22
20 16
22 9
25 12
19 17
9 27
21 10
19 11
26 24
4 27
23 27
21 17
12 22
11 25
9 4
32 13
24 19
29 13
29 20
26 13
4 0
6 23
10 25
2 4
15 6
29 3
1 16
20 13
5 31
4 15
0 3
28 25
21 23
3 15
8 27
26 10
28 32
0 3
23 2
5 7
2 6
8 16
27 19
21 23
21 3
22 23
30 14
11 18
15 24
26 10
17 1
3 15
1 6
3 2
10 6
9 10
12 17
26 4
1 14
28 23
16 17
11 29
20 29
11 20
19 28
21 22
8 20
27 11
22 4
17 31
12 30
13 5
1 15
17 27
3 31
9 12
9 3
32 3
13 10
23 32
3 9
20 12
30 12
21 19
14 6
16 26
1 29
29 0
9 13
26 10
10 0
22 19
4 21
21 17
29 9
14 0
19 1
10 14
11 31
0 25
2 16
18 1
11 14
0 20
26 31
3 26
18 20
30 7
8 12
1 18
25 1
2 26
11 16
3 8
14 28
10 29
14 10
7 26
10 27
19 3
23 22
27 9
10 23
14 16
2 15
32 27
15 1
19 24
15 22
32 30
15 10
26 29
18 31
21 28
25 7
31 14
28 23
23 3
13 2
19 14
15 19
6 30
18 25
22 1
12 19
29 26
27 20
22 12
18 8
7 8
16 3
22 9
27 10
12 7
10 31
21 26
17 26
21 1
18 8
0 29
28 29
22 14
9 2
32 18
7 32
11 28
8 5
5 18
10 16
16 30
7 32
23 26
0 6
2 0
2 28
27 22
15 8
30 15
7 13
23 12
10 1
5 16
6 11
1 14
25 17
11 30
16 1
23 14
8 23
12 8
16 6
29 32
14 26
14 19
4 30
14 3
2 30
7 11
31 22
1 13
0 29
28 0
18 7
8 20
14 23
26 10
22 6
1 3
23 3
6 20
17 9
21 12
17 30
8 6
30 22
4 26
15 4
11 22
10 18
9 25
8 1
0 28
7 0
29 30
3 2
16 21
10 2
31 25
32 7
29 27
0 21
9 3
32 31
13 15
6 3
21 7
4 16
14 4
13 9
7 13
23 26
23 25
23 15
23 30
11 19
24 10
5 31
13 3
29 24
18 0
28 7
7 32
21 19
1 27
6 13
17 31
3 8
21 17
31 18
26 15
7 1
21 3
14 24
30 6
7 31
1 14
5 31
1 23
30 0
17 3
13 32
32 15
7 20
32 5
3 23
21 8
25 9
11 6
31 9
10 5
7 9
20 10
5 19
0 2
19 17
4 31
17 3
13 24
24 10
28 25
0 16
1 25
23 12
30 21
21 5
26 15
11 4
18 30
4 21
15 20
25 13
4 28
26 17
3 19
10 1
2 9
27 23
21 22
11 8
27 3
1 7
14 5
26 10
8 12
25 28
2 3
30 27
21 13
28 8
21 29
8 30
21 32
16 10
8 22
3 11
24 8
24 27
32 1
2 11
24 30
13 25
27 9
19 16
20 14
24 6
8 30
1 30
29 17
5 3
7 6
14 29
13 3
23 12
4 26
22 26
21 0
16 7
0 30
27 14
19 31
21 16
32 18
11 15
21 14
22 28
28 16
8 32
4 18
1 30
7 26
17 6
7 31
13 8
28 6
20 12
4 8
28 4
26 4
19 13
18 6
8 12
20 14
9 24
32 8
20 5
32 4
11 7
2 22
15 28
28 2
7 0
11 0
2 5
19 15
21 25
23 0
12 2
9 1
0 16
21 5
15 25
14 22
25 1
4 20
30 7
25 28
16 24
28 18
27 14
1 15
6 22
14 16
23 17
23 6
4 26
22 29
5 9
20 6
14 5
3 19
29 2
20 24
20 12
5 19
27 9
9 8
23 32
30 6
20 1
10 13
21 4
18 31
22 24
12 28
26 31
24 20
31 9
12 18
21 15
5 13
23 12
22 13
9 17
17 29
18 25
9 7
30 25
5 17
14 15
12 5
11 1
24 9
8 3
25 29
16 30
10 6
7 30
18 14
14 0
10 30
26 17
4 21
7 5
22 20
16 25
31 17
16 5
26 17
31 20
32 26
28 3
32 25
21 13
4 20
24 2
13 6
4 32
14 10
4 1
28 20
26 25
3 10
30 27
25 26
14 24
20 10
28 19
0 14
32 3
1 21
3 12
28 5
11 7
15 14
8 9
1 2
9 29
29 0
23 11
24 8
19 27
17 32
24 20
31 11
21 11
6 27
20 11
7 1
19 16
1 18
17 3
28 12
0 28
2 9
17 10
26 2
2 10
1 24
29 32
2 17
8 6
11 27
17 19
28 3
0 29
22 16
31 15
28 29
10 30
5 25
5 31
27 7
8 26
31 2
24 32
20 32
5 29
26 23
13 20
26 14
14 13
28 12
28 23
8 3
18 11
29 21
9 23
28 16
15 24
16 6
23 3
3 29
31 28
17 11
15 8
23 27
22 18
5 17
8 11
21 24
23 15
12 30
5 11
18 28
28 24
18 31
28 12
27 21
27 6
1 3
29 28
25 15
0 9
21 12
28 11
0 10
23 30
14 27
9 32
22 4
22 5
0 15
16 28
3 10
32 4
13 28
32 3
8 31
11 28
10 4
6 10
15 27
5 27
21 14
24 8
16 13
14 15
26 30
10 29
5 7
31 17
2 29
18 9
27 29
4 2
1 10
12 14
2 15
6 24
30 32
11 9
11 26
2 6
1 30
12 8
28 27
9 24
12 18
18 7
22 18
6 30
30 20
32 11
26 21
8 21
19 17
30 11
31 4
10 28
14 19
21 8
28 13
20 11
29 25
31 15
31 28
10 18
25 21
9 12
27 29
31 12
24 28
21 22
32 31
15 13
15 4
19 8
17 7
19 11
30 17
24 29
10 2
14 1
21 22
13 16
18 11
26 9
6 14
30 4
10 12
17 26
14 4
32 29
9 19
8 6
1 32
0 12
32 15
13 21
2 26
2 18
2 28
25 8
7 22
10 15
0 26
6 14
28 6
11 2
23 17
8 24
16 9
3 14
22 14
2 22
5 2
7 28
30 14
2 18
22 15
18 15
22 30
10 28
6 12
16 23
19 7
5 26
9 19
13 21
19 2
27 21
7 32
16 4
11 16
22 1
31 5
16 18
3 27
11 7
4 27
31 23
2 3
16 9
20 27
30 4
29 24
25 1
22 6
4 0
20 26
32 18
30 16
2 31
8 13
5 12
8 1
1 8
4 15
17 22
10 14
26 4
4 16
6 24
22 10
24 7
1 24
26 29
5 26
27 13
6 31
23 12
32 22
18 2
5 2
24 13
15 16
17 32
21 8
20 29
30 27
29 21
18 25
24 11
20 2
16 18
24 28
17 13
14 19
18 14
9 31
27 25
14 11
22 2
17 9
32 15
2 26
1 20
18 26
30 3
28 13
21 19
6 4
31 20
21 16
0 28
13 27
18 25
4 8
27 21
15 24
1 17
17 3
3 1
27 0
4 20
13 24
7 19
26 5
5 14
19 3
8 30
28 26
22 32
1 15
19 15
4 18
32 20
21 0
21 15
0 25
1 11
16 8
29 9
11 32
22 28
2 30
24 30
21 13
28 21
26 12
3 31
30 0
18 19
1 6
32 1
29 0
11 6
7 20
15 6
7 9
6 2
0 3
24 11
31 12
5 10
13 3
8 13
19 25
14 23
22 14
19 21
25 30
25 32
16 8
3 21
15 9
24 15
10 13
26 7
23 29
15 3
30 21
14 16
13 29
6 1
10 24
22 2
19 12
32 0
20 0
22 0
7 11
15 17
24 7
24 12
3 7
13 1
28 27
15 7
23 22
8 31
11 28
31 30
7 28
31 26
28 18
26 2
29 7
20 18
14 9
30 15
16 10
14 10
2 30
15 24
17 21
22 28
16 21
23 21
14 19
12 10
4 12
0 11
30 18
23 5
13 3
19 21
18 29
24 13
11 15
30 32
2 23
13 21
11 0
3 31
12 13
0 14
23 1
23 19
17 11
24 29
15 10
17 31
5 6
11 16
19 6
14 22
27 25
10 5
25 11
3 22
4 17
13 3
6 30
18 17
21 12
32 29
30 28
1 6
16 21
10 30
8 4
20 16
10 13
28 11
14 17
13 29
28 16
2 25
0 20
11 12
17 8
7 13
7 9
17 23
28 18
3 32
6 19
7 17
14 19
29 30
32 25
25 14
28 16
12 13
25 24
30 31
30 8
6 26
27 32
19 11
2 16
15 21
24 32
1 10
26 31
7 18
21 19
11 2
31 24
28 21
20 26
18 28
30 22
19 25
21 5
3 23
20 18
9 11
15 10
19 8
6 26
24 28
11 3
28 9
25 23
28 12
15 13
6 12
0 23
2 21
27 5
9 14
21 19
25 1
27 9
7 1
0 30
27 11
0 22
19 23
13 14
1 26
26 5
5 26
28 8
15 20
11 24
1 31
8 24
30 3
0 5
4 32
2 29
10 0
18 29
23 29
9 22
22 2
27 26
28 23
1 8
8 10
31 8
8 6
32 4
9 31
7 11
28 9
7 5
7 24
0 28
20 9
18 8
9 12
1 2
0 11
9 10
9 17
17 15
14 21
23 10
28 1
5 2
7 9
7 31
9 2
18 16
20 24
23 31
25 29
25 1
5 3
10 20
18 24
0 6
12 10
32 11
14 32
18 23
6 14
30 8
31 13
27 22
1 23
15 26
19 7
28 23
8 3
10 26
25 10
30 4
19 27
16 31
26 1
21 32
16 18
6 14
29 31
3 30
19 16
21 5
24 16
28 30
18 4
24 10
12 19
15 31
14 31
29 7
30 15
5 11
31 9
23 27
5 25
22 24
8 11
29 30
25 23
28 10
27 17
19 4
3 1
3 17
30 23
25 11
28 4
9 2
25 2
7 17
22 31
24 31
25 21
24 15
14 32
7 31
16 12
2 17
13 17
12 8
7 5
19 2
7 27
2 32
27 9
15 16
7 4
15 0
23 4
13 5
3 21
3 20
0 3
2 11
21 13
19 28
18 4
29 23
31 20
25 6
0 6
13 4
21 11
28 25
25 31
27 11
32 14
9 3
14 20
22 27
4 17
10 8
11 31
4 8
19 29
14 17
1 25
22 4
15 27
13 7
3 12
19 12
13 0
30 2
26 1
18 1
10 29
0 14
4 17
9 18
1 10
9 21
30 13
1 10
5 14
17 8
25 3
20 3
2 15
6 28
16 24
27 26
18 27
6 23
9 13
6 9
21 15
30 18
26 32
27 31
11 4
1 13
22 5
15 4
9 8
21 0
2 12
18 28
16 6
4 29
11 13
15 24
9 1
16 6
28 12
15 4
17 6
20 30
9 29
5 30
29 6
7 12
1 24
17 3
18 26
17 1
15 24
0 31
30 26
9 12
30 24
27 15
30 14
10 4
10 16
1 4
20 7
15 21
29 32
24 14
23 6
13 3
30 13
2 25
6 9
3 4
0 30
17 28
10 27
0 20
8 32
23 28
6 5
14 2
2 4
15 25
10 28
28 6
9 28
29 15
2 32
17 2
28 32
31 5
27 31
23 0
28 13
27 2
18 8
2 20
12 17
10 21
13 4
27 22
30 21
2 0
21 20
0 14
19 31
19 11
27 9
10 23
23 4
23 6
12 25
25 23
10 0
11 23
2 3
10 0
24 12
31 10
30 31
22 15
28 8
24 22
16 1
10 4
3 0
8 14
24 0
4 1
1 13
22 3
16 32
1 5
11 30
14 7
29 3
22 10
13 11
26 13
20 28
16 18
3 28
9 2
32 8
3 10
30 4
26 29
4 30
6 1
11 13
28 12
0 17
22 11
27 13
24 14
6 30
10 1
7 12
32 15
13 9
11 15
1 7
17 31
11 19
7 24
12 19
22 30
7 1
22 18
25 3
25 29
31 0
29 3
10 28
17 23
4 28
3 2
19 1
12 3
8 3
15 26
24 10
0 25
32 18
15 0
8 12
32 8
8 2
18 1
19 6
3 12
10 7
15 27
8 27
30 15
28 12
8 19
23 6
9 20
22 25
21 31
2 20
6 8
20 25
9 5
31 10
17 6
17 30
0 24
22 28
6 16
8 12
0 29
16 10
16 5
0 4
3 2
22 8
8 10
0 15
13 29
25 30
1 8
28 32
32 17
28 3
31 1
15 32
30 29
9 11
1 9
14 3
9 3
11 17
11 30
24 5
22 20
6 30
15 6
29 30
32 30
29 0
10 28
28 6
2 6
8 9
20 9
18 22
20 0
31 29
30 23
1 19
8 6
15 23
10 9
18 9
7 12
7 17
5 2
22 7
8 28
14 27
4 32
14 24
30 12
20 27
0 19
12 8
23 25
29 0
1 13
7 6
23 14
22 29
14 11
1 21
6 16
15 10
13 27
32 11
4 17
3 5
3 15
11 27
7 6
25 7
17 0
13 7
12 0
1 27
11 3
15 17
28 23
28 20
22 6
24 6
8 27
8 23
4 2
29 10
25 3
25 23
14 32
3 15
32 28
24 2
8 7
17 3
30 10
23 18
15 12
24 23
7 32
11 32
7 19
25 8
11 15
21 8
16 3
7 11
25 7
17 32
24 20
28 0
8 13
15 21
2 5
26 2
16 4
32 22
23 22
30 32
3 18
7 19
19 15
29 12
22 13
9 12
32 4
12 7
15 25
26 18
30 19
18 11
21 17
0 11
7 29
10 12
16 27
32 31
23 9
18 2
16 28
1 19
7 6
1 32
31 19
27 17
2 6
4 18
6 15
23 0
24 31
13 5
25 10
3 14
17 19
16 0
15 19
20 19
21 18
17 5
12 0
6 16
4 24
21 17
14 21
6 12
1 11
4 9
12 16
26 32
32 27
14 12
11 32
32 30
17 14
1 28
14 7
11 18
31 32
3 12
19 7
24 18
19 28
28 31
12 19
30 9
13 9
20 23
9 17
20 24
31 21
19 13
28 29
29 26
28 30
3 12
5 27
31 24
21 24
22 31
10 18
5 22
27 25
12 1
9 30
26 8
19 10
19 12
6 15
4 0
13 7
12 16
2 8
7 21
32 27
19 8
12 24
30 5
15 9
4 22
6 30
30 23
6 14
1 12
30 5
12 8
10 23
24 10
31 29
31 29
23 15
4 1
7 1
6 20
8 9
12 6
5 1
10 19
2 22
14 7
2 20
17 23
9 26
21 5
24 17
27 7
21 28
12 20
32 30
28 7
6 8
11 9
21 29
9 11
8 16
11 29
31 1
5 24
20 11
14 5
5 19
24 31
31 12
30 28
5 2
32 11
14 9
20 2
5 29
11 10
20 7
7 19
11 29
7 22
10 25
27 1
21 25
11 16
18 17
18 16
28 32
25 14
0 28
8 9
6 17
28 12
24 14
23 18
19 12
27 29
2 21
29 21
12 5
4 28
20 22
11 16
20 3
28 18
31 1
25 3
18 20
15 7
2 5
24 19
15 18
16 15
6 10
3 16
15 7
12 3
27 23
17 12
27 12
30 23
11 21
26 30
8 2
8 13
26 28
26 11
9 8
16 19
11 32
32 16
11 2
11 0
19 21
27 29
19 15
6 5
9 3
13 15
3 20
27 30
15 20
6 24
27 22
8 5
20 7
20 29
8 29
29 25
17 21
20 1
4 26
6 11
27 20
26 30
7 18
27 20
4 1
9 31
21 17
1 8
22 21
3 30
17 32
23 2
21 10
3 23
3 10
1 30
28 25
27 2
9 20
20 13
19 29
11 7
11 12
14 31
32 17
29 16
14 17
18 0
27 20
23 28
30 22
23 25
13 15
25 22
0 10
2 19
6 11
25 15
21 4
13 20
19 7
4 0
24 20
1 16
5 22
11 0
10 32
23 15
15 12
15 25
12 0
29 21
25 9
9 29
23 28
15 30
30 13
20 15
12 3
21 2
13 21
10 12
12 0
25 10
6 16
22 6
10 8
29 20
15 25
8 10
5 3
7 16
23 29
27 9
29 5
30 6
17 7
4 8
0 14
14 16
1 18
24 9
14 11
24 4
19 2
7 23
7 23
11 28
17 3
4 11
8 0
15 24
7 19
32 7
0 11
21 1
29 13
8 10
22 0
14 7
0 21
28 5
11 6
32 27
10 3
5 18
3 21
9 7
6 16
6 17
3 5
13 14
14 21
3 12
2 8
10 21
3 13
31 10
12 25
20 16
30 3
17 16
11 26
24 17
8 28
0 9
0 11
23 14
0 24
24 0
0 1
22 3
15 20
13 27
10 31
8 7
2 24
24 13
17 13
28 23
8 28
32 8
5 20
21 5
10 12
3 10
12 25
11 27
10 23
19 20
21 26
26 21
17 15
32 28
28 23
1 21
20 7
26 6
28 29
16 6
0 24
18 23
2 10
1 23
29 19
10 22
12 31
4 27
29 4
20 24
25 19
10 27
4 14
20 31
30 26
31 19
11 20
22 21
21 10
16 5
20 3
16 17
8 13
10 27
2 0
13 10
8 7
12 23
26 11
20 19
9 7
29 27
27 17
15 2
31 19
23 2
2 5
8 10
18 16
4 18
16 28
24 21
8 14
14 17
0 1
24 7
30 19
32 12
32 1
9 18
22 9
18 27
17 29
10 0
31 28
16 14
22 5
3 28
20 17
12 18
16 1
25 11
20 22
22 20
21 31
5 11
7 24
5 22
18 16
22 14
9 3
29 6
30 22
26 12
1 9
29 3
1 5
21 27
8 10
23 12
19 28
1 24
17 19
5 4
31 13
5 27
7 12
22 30
3 2
29 13
29 30
12 32
19 1
25 27
9 13
4 28
9 5
17 24
22 21
27 21
32 13
6 9
3 13
3 0
26 30
28 3
27 14
2 19
7 9
0 11
4 7
15 20
29 4
8 23
23 5
23 4
11 32
5 15
10 6
13 1
1 8
5 28
21 5
15 28
15 13
4 17
18 19
4 14
22 10
5 12
15 26
16 27
23 19
7 1
25 18
2 26
24 5
22 12
11 2
5 24
13 10
8 31
27 13
10 14
21 15
27 2
6 8
27 30
28 1
