39
20 0
16 0
14 0
26 0
38 0
4 0
2 0
36 0
27 0
6 0
38 0
20 0
12 0
25 0
13 0
4 0
4 0
37 0
35 0
9 0
17 0
37 0
4 0
9 0
31 0
7 0
1 0
21 0
21 0
28 0
16 0
7 0
3 0
16 0
8 0
23 0
28 0
22 0
31 0
26 0
10 0
26 0
16 0
37 0
17 0
28 0
19 0
14 0
2 0
18 0
26 0
25 0
18 0
30 0
35 0
21 0
3 0
8 0
36 0
37 0
38 0
27 0
0 0
18 0
14 0
17 0
21 0
38 0
12 0
12 0
34 0
28 0
21 0
18 0
6 0
15 0
3 0
9 0
12 0
34 0
13 0
23 0
5 0
18 0
25 0
8 0
4 0
19 0
25 0
36 0
30 0
33 0
28 0
25 0
21 0
7 0
7 0
29 0
33 0
13 0
12 0
18 0
6 0
35 0
13 0
11 0
2 0
34 0
21 0
14 0
10 0
17 0
6 0
25 0
10 0
4 0
13 0
26 0
7 0
28 0
23 0
3 0
28 0
27 0
16 0
2 0
5 0
16 0
19 0
14 0
32 0
23 0
5 0
27 0
9 0
19 0
38 0
34 0
15 0
18 0
29 0
9 0
17 0
31 0
34 0
27 0
23 0
5 0
25 0
1 0
37 0
38 0
14 0
30 0
29 0
20 0
31 0
36 0
13 0
37 0
11 0
8 0
12 0
26 0
17 0
18 0
36 0
0 0
24 0
