29
3 2
0 2
17 4
24 2
19 12
5 27
25 9
24 14
19 16
6 22
0 11
7 15
0 14
4 7
10 6
2 12
28 25
21 3
21 15
14 25
21 11
23 9
20 10
23 3
26 21
25 18
3 24
25 3
10 0
2 12
28 4
16 19
22 1
22 14
16 0
10 0
3 26
9 16
7 4
19 26
25 15
15 21
11 4
16 13
25 19
17 24
15 4
14 8
26 0
14 21
17 14
24 14
16 11
13 20
1 10
8 9
18 21
12 22
9 25
18 20
5 6
6 1
12 7
28 12
21 5
4 9
11 21
15 27
3 0
10 26
2 11
6 20
3 18
5 4
6 16
24 11
22 23
4 5
22 24
10 14
0 6
16 12
27 23
2 23
13 20
18 24
26 1
19 7
7 24
13 15
11 16
8 26
20 5
19 8
15 26
8 14
13 12
12 28
7 6
23 20
26 4
7 23
5 18
1 12
13 6
27 17
22 27
14 6
25 5
14 3
23 14
17 7
19 1
27 26
7 13
9 26
17 16
12 23
5 6
6 11
12 26
20 27
16 5
25 12
2 16
25 16
4 24
6 26
23 24
26 7
4 23
25 12
6 19
18 12
17 21
17 6
12 7
23 9
3 6
12 5
14 0
13 11
17 12
8 11
7 26
10 12
20 27
24 19
17 5
23 27
18 3
25 22
10 19
3 13
18 7
18 24
28 3
6 16
7 27
14 4
1 26
17 28
14 28
9 19
22 7
9 26
3 2
7 15
26 13
4 23
28 4
26 27
20 4
5 11
11 1
12 8
18 3
14 17
12 5
3 19
6 0
15 0
28 22
27 12
18 23
7 9
19 25
7 3
22 4
6 25
6 18
25 16
21 11
5 26
16 0
8 14
0 23
14 20
8 4
25 26
28 24
7 18
12 14
13 26
19 22
17 8
19 4
22 1
1 19
9 1
27 23
22 14
0 6
22 5
2 12
4 18
19 14
1 4
28 20
15 18
13 24
19 3
0 4
25 22
23 5
24 13
20 9
19 21
15 5
26 9
17 1
27 7
7 21
3 6
12 11
25 6
7 21
27 11
17 13
26 15
8 2
27 9
22 19
25 19
16 5
7 9
25 6
17 9
23 0
12 11
17 11
18 9
9 0
19 22
18 26
22 21
24 3
14 15
20 4
23 25
3 4
21 9
13 1
10 28
1 23
3 19
5 21
20 6
14 2
21 3
28 6
24 16
1 23
21 26
17 10
0 13
23 1
18 25
12 18
26 27
21 8
24 5
21 22
19 23
6 15
15 13
2 23
14 25
17 28
22 26
9 15
11 3
8 0
28 12
10 18
10 23
18 26
0 10
20 11
26 4
10 21
27 17
17 7
8 2
4 17
9 7
12 18
0 4
1 10
22 4
5 11
1 26
14 21
8 3
19 27
7 21
19 5
1 7
4 9
1 8
18 11
16 2
0 16
6 22
18 20
26 15
23 28
12 0
12 21
3 2
19 10
16 1
7 9
0 11
19 1
12 0
12 28
2 4
7 0
27 17
12 24
4 28
15 16
28 0
3 22
11 13
9 12
13 19
12 16
1 6
28 1
18 19
25 15
18 17
13 7
1 0
3 0
16 11
20 15
12 23
8 15
0 10
28 5
0 3
21 22
9 21
23 20
11 19
27 1
8 11
0 1
3 22
19 14
13 26
26 8
6 5
0 16
4 5
8 28
26 1
1 10
16 13
14 7
11 15
7 14
7 8
17 10
1 0
24 6
26 14
14 24
19 14
3 15
11 3
6 9
25 7
19 13
12 4
12 23
11 19
0 10
19 10
20 12
2 8
18 20
22 25
16 4
2 11
11 14
15 17
15 11
25 26
16 0
23 28
16 26
10 16
8 0
18 28
4 20
7 23
12 21
19 20
17 21
2 28
27 9
9 13
13 5
11 0
26 5
0 13
2 22
10 3
11 2
28 24
1 22
28 15
4 19
3 18
13 24
16 23
4 1
7 1
4 28
27 1
20 12
3 23
5 6
18 8
0 17
3 1
11 2
16 7
13 12
25 27
7 13
13 11
14 12
12 10
11 2
11 3
14 6
18 11
4 7
12 4
24 15
27 10
6 15
18 2
5 25
7 18
28 13
22 3
23 26
6 5
0 12
4 10
24 8
17 7
5 4
14 3
24 16
9 22
3 20
24 0
16 3
19 8
16 4
11 3
1 17
0 22
1 4
3 17
5 12
16 2
17 1
5 4
10 6
26 5
26 13
5 6
16 14
25 21
25 28
22 6
20 8
7 25
11 16
22 16
3 24
25 21
0 27
27 26
3 17
10 9
15 19
25 0
7 9
17 27
3 23
18 3
22 6
6 9
28 22
4 23
18 22
15 18
20 6
7 24
23 10
4 9
0 21
1 28
2 18
26 5
15 0
27 14
6 0
13 0
4 8
10 26
15 21
10 21
28 5
7 9
1 16
1 14
9 0
16 28
18 13
25 26
5 23
11 4
23 24
25 20
24 6
9 11
27 19
3 27
16 11
28 17
19 22
3 21
22 11
12 4
17 8
1 22
2 12
26 18
28 22
9 24
21 18
27 19
1 22
9 17
25 1
27 16
23 22
8 25
20 12
13 20
13 7
22 17
25 11
9 19
12 25
11 23
23 22
24 16
3 4
13 4
2 21
19 16
21 27
13 4
11 26
24 16
25 17
26 22
21 6
4 2
7 27
17 21
14 4
24 19
17 20
13 1
10 22
22 1
6 26
12 24
21 20
13 2
17 6
23 2
19 17
1 10
5 22
24 10
10 6
19 22
12 13
4 5
6 5
3 4
9 19
17 0
3 19
18 1
5 4
3 25
14 25
27 19
19 22
21 0
21 4
22 4
17 18
9 15
15 4
19 16
23 0
17 27
11 27
28 17
23 24
5 8
20 3
20 2
17 4
23 9
8 9
5 17
19 14
4 6
18 15
14 5
15 23
3 19
21 23
7 8
10 4
8 23
28 25
16 4
12 18
4 21
15 22
11 1
18 9
11 4
24 16
12 18
11 2
3 27
9 11
8 5
19 2
4 11
20 12
7 3
22 11
24 9
25 6
2 14
8 5
19 3
14 23
21 25
25 16
23 26
27 24
2 10
26 27
13 17
2 20
12 25
23 7
26 20
6 28
26 14
25 8
9 10
2 1
28 27
18 14
24 8
9 18
10 28
16 15
8 19
6 21
7 22
20 4
13 26
24 2
3 12
11 12
15 13
6 14
12 16
20 28
16 22
18 19
13 26
5 21
16 4
