45
41 30
31 36
40 13
5 9
23 4
29 21
34 26
17 9
19 4
27 36
10 34
30 39
14 16
0 39
32 3
24 26
42 22
28 10
28 38
40 32
22 16
28 10
40 0
29 7
34 21
17 44
10 2
38 31
25 1
32 20
11 1
15 40
29 32
23 29
28 17
6 1
17 9
8 1
16 42
29 40
41 1
4 42
32 37
5 19
19 23
37 20
39 33
11 26
11 41
16 29
9 23
37 33
39 0
42 17
42 26
12 0
28 23
4 22
15 9
42 34
33 41
16 34
29 35
15 3
38 32
39 2
17 31
36 18
38 40
35 42
21 9
4 11
32 9
34 10
25 38
44 13
34 23
2 19
13 25
22 13
19 23
22 43
16 13
16 9
15 13
13 37
22 17
3 9
33 44
19 14
37 26
34 27
11 37
8 24
24 37
44 43
15 21
3 31
42 26
2 12
39 15
4 16
39 15
32 35
21 14
4 14
40 38
3 6
37 11
37 16
10 36
21 25
12 24
11 16
5 20
29 6
42 33
22 36
10 17
33 32
31 37
8 33
38 11
1 30
29 38
9 39
36 30
19 10
17 37
27 29
12 11
36 16
6 20
14 17
37 3
11 30
40 19
18 33
30 19
19 14
19 35
15 10
27 34
28 44
33 10
36 7
28 27
23 34
9 37
13 2
40 31
39 36
5 13
31 42
32 12
18 7
2 33
24 30
29 7
36 17
17 27
24 7
16 2
42 26
2 17
35 42
4 29
40 9
42 27
14 37
39 6
4 28
30 34
19 0
25 37
24 15
23 32
31 33
29 12
35 1
9 32
12 39
35 29
43 17
43 35
11 44
41 22
34 11
9 34
44 8
13 14
31 0
0 26
36 20
23 0
29 18
12 23
8 3
22 25
8 19
43 8
23 21
42 19
32 6
8 38
21 28
7 8
36 8
41 34
28 20
41 19
38 16
43 1
19 27
33 28
8 31
36 31
7 40
5 2
2 20
40 23
11 10
38 2
25 42
43 15
17 40
34 17
11 32
25 30
21 13
20 30
44 18
23 14
14 29
23 11
25 8
22 35
9 31
15 6
30 25
27 2
43 21
27 28
43 2
11 35
1 29
13 22
43 42
0 21
16 26
30 38
23 39
25 1
7 17
38 37
4 20
1 2
42 35
37 2
37 3
37 0
33 5
23 31
10 23
15 26
11 7
26 35
8 6
36 15
30 36
14 34
12 22
36 16
19 29
18 11
32 17
11 27
22 41
21 39
20 36
27 38
5 9
35 13
22 33
35 8
25 11
42 37
33 34
15 7
25 33
25 19
5 43
2 34
40 30
36 22
28 18
22 33
34 13
1 12
1 43
20 26
9 24
25 4
20 40
18 7
35 43
27 40
3 36
37 43
21 28
27 4
8 5
44 43
18 7
10 19
5 37
8 21
23 40
25 44
36 43
6 33
3 40
29 6
31 28
12 14
11 39
25 19
44 24
17 24
31 34
6 43
33 14
19 12
16 6
11 14
11 24
3 21
20 32
28 6
15 2
28 33
41 8
7 3
40 32
27 26
21 33
32 10
9 13
29 26
27 40
2 38
26 5
15 1
44 5
15 21
7 43
9 10
13 24
13 8
11 3
42 39
36 29
11 8
4 2
41 31
42 43
32 24
4 9
32 10
21 2
32 28
7 41
0 21
27 14
29 38
17 33
40 15
24 13
30 29
16 26
22 20
32 9
6 43
25 1
8 1
3 40
36 18
44 37
39 26
13 30
27 37
19 29
7 5
4 0
34 27
33 12
3 20
28 16
25 9
17 41
10 28
43 9
1 42
1 2
31 14
39 13
6 20
4 20
26 8
20 15
36 16
34 1
36 25
17 24
34 42
20 6
25 18
15 33
16 23
42 9
44 36
22 12
12 26
33 0
41 15
15 32
38 12
40 30
37 20
16 33
17 36
1 4
16 24
44 39
2 41
3 2
32 25
21 6
13 16
6 17
39 29
11 32
41 7
24 40
27 40
35 6
38 36
10 22
9 4
25 12
8 34
44 40
17 6
16 34
19 33
28 3
44 15
6 13
40 8
40 42
43 1
36 42
18 8
19 34
12 6
1 27
2 8
23 20
21 39
9 40
34 44
44 40
21 12
9 23
21 4
21 19
13 19
23 38
27 5
28 39
18 36
22 21
6 7
3 27
8 19
23 42
18 29
44 39
3 8
25 24
20 1
6 33
27 29
33 9
41 16
10 15
15 39
43 21
1 4
16 20
34 20
0 25
20 1
28 26
15 3
34 21
43 16
12 32
32 9
10 5
31 32
44 29
9 8
37 20
24 19
16 0
19 3
27 38
10 16
8 21
5 29
26 29
4 20
23 20
31 28
6 18
28 42
34 43
34 9
22 8
32 29
34 35
11 16
29 32
37 12
0 29
0 29
33 21
7 15
14 36
21 32
26 18
29 24
14 0
8 22
33 38
18 23
11 34
14 2
29 7
21 29
43 22
20 38
5 34
8 19
25 36
13 16
42 37
30 43
8 14
31 8
32 16
19 28
31 29
12 0
12 41
43 34
16 43
39 6
13 20
38 4
34 14
20 38
13 12
43 21
33 29
29 20
8 11
3 39
40 16
1 7
19 6
4 43
4 5
11 17
33 4
28 22
25 3
22 39
22 21
15 10
12 7
37 20
18 40
21 20
18 22
34 0
28 0
43 39
6 9
18 1
20 1
30 1
11 7
40 33
28 17
5 3
24 42
23 42
0 7
24 18
36 14
25 27
14 23
21 27
39 40
28 15
3 13
23 15
28 18
3 18
42 9
21 22
6 0
26 13
14 6
32 5
27 19
32 3
43 16
38 37
11 21
14 42
37 29
25 17
40 43
22 11
27 44
24 27
32 38
3 0
32 8
27 6
3 38
4 19
31 4
37 14
25 6
11 25
43 4
0 4
26 11
31 32
42 20
20 35
23 27
22 38
17 29
41 10
40 15
41 6
7 17
39 21
29 19
26 34
23 33
38 12
44 31
44 3
6 26
39 36
9 23
37 33
7 33
43 10
11 1
23 25
18 17
8 9
36 34
6 22
22 6
34 28
38 40
32 6
29 33
43 0
11 35
33 19
30 38
36 3
1 14
29 19
32 37
36 30
27 42
14 11
10 3
2 3
6 34
17 35
22 15
35 40
12 23
21 4
16 12
8 24
34 37
43 28
36 41
13 25
0 28
37 11
38 1
21 6
42 38
41 19
15 38
21 34
16 43
1 39
10 9
18 44
8 24
27 44
27 3
25 35
38 24
8 38
25 29
0 22
30 41
3 0
35 24
42 13
29 43
15 40
7 40
1 22
26 36
21 9
39 8
6 32
39 14
25 26
43 32
10 28
29 20
36 26
7 33
1 36
38 23
31 0
19 33
29 7
31 5
23 25
21 29
19 22
43 6
4 39
14 39
30 35
37 18
42 25
26 33
18 5
27 25
31 22
9 38
8 22
24 40
5 8
14 27
14 27
31 18
28 8
19 13
5 12
31 2
44 13
42 25
25 24
5 11
8 22
11 16
6 35
11 6
32 38
20 22
32 0
5 40
19 0
38 12
9 38
32 13
18 19
38 30
30 8
7 4
25 20
39 43
31 7
38 25
27 15
19 27
27 21
9 1
21 9
21 37
2 15
5 27
35 5
13 27
14 27
31 1
3 33
6 41
40 44
28 30
21 2
19 4
23 28
12 6
38 40
43 2
11 30
8 16
5 35
37 39
29 38
4 17
0 1
19 6
29 4
28 32
24 39
17 14
6 24
14 9
29 17
27 40
9 35
19 14
32 11
15 16
12 20
40 12
21 15
18 12
19 8
6 5
2 24
20 16
10 34
25 1
13 7
42 22
4 23
43 36
34 14
8 1
41 10
20 24
25 1
36 7
9 43
19 12
29 39
35 1
36 22
2 4
36 6
34 40
29 32
31 26
8 1
34 4
19 10
28 6
11 27
13 27
32 33
1 16
34 36
17 25
13 19
37 11
26 6
17 13
0 43
29 8
40 33
27 5
24 34
23 6
9 12
0 4
14 16
39 12
40 26
26 21
18 37
9 6
6 27
20 6
32 11
21 27
44 4
39 30
0 24
43 16
37 43
21 6
21 22
18 16
3 6
0 29
6 9
42 12
43 17
25 31
35 8
20 35
19 15
27 19
39 26
36 31
24 19
44 1
41 18
24 6
31 24
42 37
41 40
11 39
19 43
32 10
7 8
7 33
23 34
8 24
22 6
18 9
32 17
10 28
42 41
41 29
28 1
28 24
41 2
25 22
7 13
32 21
21 1
10 6
43 25
37 20
31 10
29 25
28 1
8 25
43 11
16 33
12 7
12 15
16 37
38 23
12 32
0 40
34 10
1 32
35 39
14 28
11 44
8 39
0 23
27 5
34 5
38 9
19 12
24 35
12 24
14 24
12 21
20 1
31 28
40 28
29 9
18 41
15 26
42 16
11 31
28 7
37 29
16 11
41 3
2 8
27 23
33 1
44 15
9 37
5 4
20 35
21 38
38 36
26 35
14 37
29 43
6 21
27 30
39 30
33 3
39 22
33 34
24 32
11 33
24 16
0 6
13 21
6 19
39 4
34 38
33 39
0 16
28 30
17 13
25 21
14 2
9 10
26 4
28 22
35 0
22 42
20 43
10 34
17 5
38 13
5 33
14 5
11 42
35 28
18 22
4 39
25 21
5 13
25 40
35 22
2 12
26 23
17 37
12 42
4 12
10 9
7 25
15 18
29 12
1 2
35 13
42 22
41 9
35 28
4 33
5 7
0 32
37 25
24 4
22 35
23 39
44 30
26 21
3 11
41 11
20 38
24 15
27 33
12 10
0 16
14 8
3 6
33 34
10 31
40 11
30 25
38 7
35 11
10 1
38 3
33 18
25 15
13 37
26 13
38 4
27 1
14 40
34 3
5 6
34 7
17 26
32 17
40 22
35 5
31 29
15 19
2 40
41 15
33 22
36 26
26 25
34 2
21 30
12 33
36 8
41 15
35 40
37 13
30 43
6 14
13 25
16 9
21 39
4 6
37 39
17 26
42 0
18 9
34 16
18 30
38 15
20 33
7 40
19 12
8 33
26 33
12 42
17 13
1 30
5 0
31 29
26 28
30 6
0 26
22 25
11 15
40 38
4 9
41 30
22 4
25 3
0 44
7 24
12 15
16 24
15 2
16 3
38 8
9 38
34 38
25 7
15 27
7 19
36 3
11 13
15 37
23 22
43 37
1 18
7 17
4 29
26 20
32 19
28 3
19 17
3 44
31 19
26 39
0 25
4 12
38 19
11 17
3 9
9 4
27 24
28 32
8 10
14 3
29 43
13 11
22 24
10 16
43 44
10 43
24 14
17 41
35 41
44 0
13 11
34 44
39 28
14 11
43 17
3 38
14 32
17 24
3 22
30 13
27 9
35 0
34 31
35 37
37 42
5 3
32 4
5 15
26 23
20 43
26 23
43 2
11 22
34 14
44 19
28 27
29 25
34 25
11 31
17 10
29 23
21 23
34 26
38 15
11 14
21 38
44 26
40 10
4 29
25 10
11 15
37 2
40 33
27 13
20 44
30 11
29 6
34 26
39 34
3 6
10 24
44 10
13 1
20 17
38 7
34 4
22 34
13 24
22 40
44 4
39 30
15 31
36 4
12 38
39 15
44 4
2 5
21 15
13 42
39 6
11 28
17 41
17 30
20 2
32 27
6 34
19 22
20 10
26 32
10 27
9 39
11 14
15 26
28 19
27 41
31 11
21 27
35 13
9 37
1 36
6 35
10 28
10 28
16 4
38 44
13 10
0 25
31 15
13 14
42 41
18 28
14 39
17 4
7 33
4 8
32 10
5 42
0 15
32 16
19 33
22 33
5 22
20 36
0 33
13 4
36 31
39 5
25 11
17 39
44 28
10 31
38 15
36 38
38 30
16 19
25 1
14 30
30 34
29 37
23 42
41 14
28 35
27 15
8 44
16 15
27 26
8 27
4 44
27 4
37 43
23 24
6 38
10 37
34 1
29 19
43 26
41 26
23 3
32 29
19 9
11 8
17 0
12 24
27 16
16 32
39 40
39 12
31 29
13 22
3 18
3 44
44 34
29 9
28 13
29 37
31 37
9 31
11 33
13 27
11 8
28 7
9 30
26 40
14 2
24 20
28 31
27 24
15 36
7 29
27 44
15 19
8 2
30 4
22 19
15 30
10 29
39 40
18 41
9 27
21 40
2 11
26 36
35 42
35 4
26 17
3 44
18 5
36 29
35 11
0 27
21 36
29 16
9 32
32 43
15 27
1 26
9 44
23 13
34 39
14 44
4 13
25 17
4 9
7 22
16 41
5 8
25 21
24 20
15 23
35 5
31 24
21 37
9 34
34 44
35 3
43 39
16 23
11 27
33 25
12 11
22 17
26 9
1 6
29 16
36 27
28 29
6 4
28 15
38 17
14 35
20 30
43 3
33 38
29 0
5 13
17 31
29 25
44 21
42 3
32 33
9 37
17 24
37 41
1 28
24 21
13 22
19 23
17 20
14 17
25 27
42 18
19 22
18 40
26 22
43 14
11 7
13 35
38 5
31 39
40 10
15 8
40 42
39 12
17 8
37 42
43 34
22 17
18 40
19 7
25 17
28 36
24 41
33 24
8 19
19 4
37 34
19 32
38 13
6 10
29 43
14 27
39 37
6 20
39 25
27 19
4 10
17 35
13 5
14 21
25 33
25 24
30 7
18 23
20 24
34 4
30 10
38 24
9 6
44 4
38 33
23 42
5 3
32 18
8 2
2 40
42 27
19 27
41 37
13 17
24 9
28 9
19 29
33 29
35 40
33 36
35 18
33 41
21 37
30 23
32 27
13 7
17 9
6 30
26 30
39 17
1 13
8 35
4 5
37 44
41 34
18 30
37 1
13 14
38 43
37 33
32 5
40 4
22 8
34 3
1 28
27 2
4 35
44 8
41 43
8 37
33 29
25 34
42 1
35 40
1 23
35 6
25 39
28 40
29 39
41 19
28 6
23 26
5 39
29 4
2 21
