43
13 14
6 2
10 25
32 5
17 36
2 39
14 2
34 8
25 19
21 27
13 39
25 24
1 41
29 2
2 42
0 15
13 41
10 15
23 34
20 41
28 22
29 34
24 20
35 42
32 13
18 2
1 18
3 34
39 5
29 38
40 1
0 30
3 16
11 38
28 1
15 8
30 41
24 42
33 15
31 39
34 25
40 27
0 18
40 4
27 29
41 20
17 36
28 20
23 13
21 30
13 0
29 38
42 11
2 31
7 36
5 12
6 40
23 38
30 19
14 8
9 26
17 3
11 37
18 17
7 6
30 7
27 17
42 38
20 22
3 5
27 0
18 25
32 33
12 19
9 27
20 19
10 37
14 32
32 31
31 30
18 39
14 28
38 2
40 17
5 2
36 40
12 19
29 2
31 41
12 15
10 23
18 4
37 32
28 18
12 17
6 22
13 12
7 0
14 4
9 11
42 2
8 11
13 30
6 2
20 10
9 30
33 27
34 19
8 12
37 12
29 35
35 34
5 34
34 11
31 35
23 30
37 23
33 8
2 39
2 14
6 11
1 31
31 28
7 31
40 2
1 26
29 28
17 26
11 0
38 42
35 10
21 25
12 21
28 0
23 42
42 27
36 30
15 21
38 10
32 31
28 18
16 37
2 20
37 32
19 21
42 33
34 24
37 13
1 37
28 36
36 12
21 16
19 34
11 7
1 35
38 29
10 4
23 4
24 9
36 35
22 27
25 13
1 19
18 37
6 39
30 42
0 15
12 34
18 19
35 10
14 13
13 18
28 17
42 29
3 35
8 30
9 14
23 29
24 18
35 20
40 26
21 41
34 33
24 1
9 12
15 22
17 26
0 34
17 29
29 9
30 9
11 36
32 40
17 7
24 30
40 7
0 38
33 19
35 34
28 39
41 0
13 24
35 39
42 13
26 0
0 27
11 28
16 0
38 16
24 25
5 24
25 0
6 7
11 41
33 32
37 31
24 42
13 16
39 4
29 14
4 22
33 8
42 41
8 37
14 25
19 6
1 11
12 0
15 3
33 39
32 22
12 32
27 20
20 31
41 26
27 20
8 35
20 6
36 14
13 18
26 24
16 19
36 20
20 0
23 10
31 5
24 0
29 8
12 41
31 10
24 8
31 24
0 30
28 6
0 3
24 25
19 1
10 32
13 2
12 15
33 17
40 25
38 40
37 36
21 4
9 29
27 33
29 19
21 7
18 21
10 42
38 22
35 5
11 5
7 15
21 32
25 18
14 20
7 0
14 28
40 23
14 16
14 36
28 27
0 3
5 2
2 1
24 38
41 27
35 6
0 13
30 25
23 2
2 31
37 8
8 34
32 15
8 38
0 36
22 0
31 19
37 25
12 11
20 11
38 13
9 38
18 39
12 42
33 7
22 28
15 30
19 39
2 19
34 37
4 5
37 35
25 24
18 37
35 30
40 30
35 6
18 11
38 22
2 28
29 24
13 37
3 25
25 41
36 9
35 41
14 22
33 31
3 0
18 38
31 15
17 15
14 27
26 9
7 20
37 28
36 0
14 40
17 32
30 10
41 22
8 4
36 34
36 39
26 11
26 14
26 36
22 32
20 5
41 19
18 28
40 11
20 3
8 37
35 38
4 33
10 5
38 3
31 23
35 14
34 18
29 9
3 0
42 16
5 32
35 15
17 24
27 37
28 27
23 12
15 28
3 25
25 33
20 13
13 12
27 39
23 5
5 26
5 39
42 3
29 27
18 3
8 37
33 28
22 13
41 37
33 36
19 15
26 31
20 31
1 5
27 24
10 24
42 8
21 34
11 7
18 21
2 18
16 27
4 38
41 37
24 23
30 35
31 5
23 8
28 24
13 12
40 16
36 32
24 6
23 27
5 41
5 8
8 13
35 4
8 25
41 32
6 20
24 29
17 40
37 2
21 8
14 11
16 0
0 32
41 15
16 4
5 13
12 13
27 39
18 27
22 8
9 20
21 25
6 38
22 35
41 36
35 4
4 8
39 40
38 3
5 42
8 19
3 13
38 42
31 22
13 32
31 25
10 14
23 5
28 16
38 21
8 0
25 9
31 13
6 18
16 12
17 16
23 12
30 18
4 10
32 9
42 13
35 9
19 7
7 4
15 37
26 24
37 0
33 18
6 31
36 22
35 3
31 7
15 18
25 19
28 7
21 20
20 13
29 39
12 28
35 28
23 18
1 9
11 26
19 17
14 13
31 42
16 19
6 23
29 24
35 15
31 13
35 0
18 13
31 30
34 23
7 6
34 8
15 37
34 27
3 41
40 34
40 5
3 38
28 32
11 20
39 42
25 23
34 0
29 14
31 20
38 30
18 21
39 25
7 22
9 10
20 6
1 9
3 39
40 32
21 8
1 17
0 27
33 34
19 6
42 31
36 30
6 26
31 13
5 33
23 18
39 16
19 0
13 16
24 34
25 17
0 25
36 25
16 13
1 14
12 24
42 22
5 17
3 18
15 36
33 24
7 1
16 20
18 40
3 0
7 38
25 0
21 33
13 14
40 18
39 9
10 37
27 13
4 34
41 38
16 23
2 17
31 14
35 29
9 27
36 4
1 28
25 27
42 40
24 9
28 12
18 30
6 37
36 11
28 34
41 36
6 0
11 38
6 38
16 15
23 1
19 24
29 37
8 20
34 24
29 11
29 40
41 27
34 26
38 12
18 28
5 16
28 8
3 34
4 11
6 19
12 18
35 34
12 36
3 38
17 25
41 3
22 31
31 5
15 18
9 25
39 15
41 24
15 37
8 11
5 6
30 10
24 15
1 28
8 39
23 25
21 13
21 35
2 1
33 17
11 42
42 7
6 32
24 22
26 24
25 32
30 5
42 4
20 35
24 28
23 5
2 37
18 15
29 12
16 11
29 20
11 20
19 17
2 0
31 28
24 6
9 4
11 0
8 31
35 24
16 29
10 40
26 31
1 42
0 31
11 3
0 31
12 2
23 1
23 5
42 32
9 10
33 9
41 17
33 6
25 12
16 27
1 42
16 2
34 8
25 37
11 18
25 23
20 6
16 0
3 15
33 4
17 15
5 7
32 30
13 15
34 22
42 35
13 7
30 39
15 12
34 18
30 8
34 0
6 42
35 9
15 17
5 24
32 10
32 14
41 2
29 32
16 20
17 30
20 4
18 27
8 9
3 31
10 37
23 16
36 15
18 0
33 23
25 22
26 6
36 16
8 14
40 17
27 14
39 4
10 14
31 11
16 26
42 26
12 14
34 6
29 1
41 19
25 15
34 0
21 19
16 22
34 13
39 10
20 27
6 30
41 37
41 6
21 32
24 33
3 16
31 33
17 22
1 34
37 35
26 8
12 42
30 38
5 18
40 25
2 3
12 35
32 3
42 2
27 23
28 31
31 16
13 6
30 6
32 17
42 16
25 3
7 4
33 12
22 30
37 16
33 42
8 22
37 7
17 21
23 2
1 11
18 6
9 41
13 42
15 12
7 40
7 14
1 40
19 15
27 13
31 9
4 39
23 41
39 40
12 19
42 13
22 10
20 32
8 33
23 15
37 30
12 1
36 5
33 12
20 9
18 0
10 14
39 33
13 27
23 17
38 14
30 18
16 42
7 16
24 22
31 10
1 35
11 29
32 36
42 9
2 9
1 12
23 33
38 28
17 10
2 13
16 25
23 33
24 22
41 1
30 8
2 14
12 31
4 5
22 5
0 23
7 12
4 40
42 24
6 1
19 11
18 1
34 8
17 13
41 15
14 20
24 8
35 36
32 31
33 3
36 33
27 35
38 23
24 29
4 31
31 23
34 6
16 26
6 34
31 4
41 38
25 22
38 9
7 27
40 33
31 25
23 15
18 10
38 34
40 34
14 20
15 6
26 23
24 14
12 28
13 42
2 27
38 11
27 22
0 9
2 26
32 17
1 35
4 35
24 39
42 1
3 5
27 18
29 0
33 20
