29
14 12
14 24
14 27
20 5
3 4
22 9
28 22
15 1
18 13
10 2
24 26
22 23
14 7
20 7
5 13
13 17
28 0
3 26
20 0
0 16
15 1
16 8
16 9
26 0
19 0
16 9
14 3
23 20
10 6
27 7
20 3
25 19
4 20
16 20
8 4
27 10
12 7
18 21
25 11
4 17
27 13
2 1
28 14
4 6
12 11
18 8
7 8
12 19
16 28
3 16
24 1
18 7
0 8
21 26
19 17
6 9
1 3
21 15
28 19
20 10
8 28
10 8
11 0
24 10
3 4
27 26
22 5
26 22
18 15
12 6
22 14
28 23
9 13
9 8
24 0
10 25
28 20
4 2
13 0
5 8
4 3
5 18
8 3
12 19
18 16
17 3
1 9
26 2
22 28
10 9
20 21
5 20
4 10
14 17
2 19
26 27
22 2
16 23
26 28
13 8
16 22
11 9
2 9
12 16
8 14
26 20
6 2
11 3
12 18
20 14
8 9
4 2
4 21
25 1
20 1
9 28
23 13
1 18
22 13
5 22
19 2
13 18
26 17
21 1
6 12
8 6
14 12
8 18
4 25
11 17
26 13
16 13
26 17
23 19
22 28
4 5
23 9
23 12
26 15
13 24
19 21
2 4
5 2
14 1
28 26
18 17
10 27
22 7
7 16
18 22
16 22
27 2
2 21
14 21
7 19
8 18
12 10
23 9
13 8
10 4
26 21
13 7
19 7
6 26
23 24
19 2
9 17
25 4
1 10
25 8
22 25
27 5
7 13
6 12
13 16
8 11
0 21
10 19
28 17
9 15
4 20
17 14
9 14
10 2
16 27
11 9
23 1
6 1
6 12
5 19
21 13
22 21
27 4
4 26
13 12
17 4
22 23
5 28
4 8
15 2
11 17
26 4
23 19
10 28
17 0
12 1
23 4
20 19
8 10
3 13
14 12
10 7
7 15
6 3
15 14
6 18
2 24
22 17
14 3
8 2
25 20
25 11
25 8
1 25
18 25
2 4
8 12
11 15
19 10
19 27
24 17
16 18
12 2
27 18
26 28
13 22
19 1
4 7
9 26
25 28
22 27
3 23
2 6
9 21
16 20
11 3
0 28
13 12
22 4
23 19
3 7
13 22
8 9
1 9
28 18
8 13
16 3
7 18
10 9
2 18
0 14
22 1
5 27
5 27
2 28
17 26
27 22
20 27
3 13
8 23
2 8
7 10
12 15
28 22
24 22
11 16
7 25
9 12
16 7
10 6
20 8
26 13
28 24
8 4
24 2
27 4
2 8
8 9
28 1
25 21
4 12
0 22
14 4
9 21
7 19
19 27
19 16
3 10
4 12
14 20
6 4
24 0
12 3
9 3
25 5
25 22
10 17
7 24
13 16
16 20
27 6
10 18
15 6
28 19
10 6
2 16
10 19
9 15
14 18
18 11
24 6
25 26
23 3
21 0
11 8
12 1
6 23
11 21
21 11
3 2
9 6
10 11
17 19
26 2
9 16
5 25
14 1
22 1
4 14
1 7
14 13
9 12
28 20
26 20
23 21
22 3
19 4
15 7
23 4
10 24
12 15
20 27
17 5
28 13
11 0
13 17
13 22
1 13
5 27
25 0
19 24
10 15
2 9
1 7
19 26
19 6
9 15
15 8
20 18
0 4
7 6
26 8
11 24
27 7
24 9
26 11
11 12
14 21
14 13
11 3
3 9
12 5
16 19
13 8
9 6
4 8
12 23
16 23
18 6
1 5
15 20
16 27
24 1
19 9
14 22
12 10
24 17
15 3
28 20
3 0
18 8
8 1
2 24
16 12
22 10
17 9
1 4
7 25
6 18
27 12
3 2
14 19
19 0
23 11
13 26
11 2
26 20
25 20
7 12
3 1
22 12
2 15
17 9
12 15
19 10
19 14
4 5
5 24
26 20
27 10
9 5
7 21
22 19
0 26
15 22
20 27
24 27
7 25
10 22
7 12
5 21
17 10
26 4
7 9
2 10
19 3
7 26
25 0
8 17
26 23
10 9
22 26
8 0
22 10
15 0
15 20
21 24
1 11
20 0
20 14
2 10
17 9
28 13
1 8
22 28
2 3
0 16
0 9
14 3
24 6
10 15
28 5
8 2
17 0
14 2
3 17
19 4
16 25
6 16
18 26
11 14
26 27
6 19
7 13
22 23
19 3
1 10
0 9
12 17
2 19
11 5
7 22
9 15
18 7
3 0
4 14
6 23
4 13
4 17
6 27
8 1
0 18
22 1
23 10
3 13
21 8
12 14
10 27
25 17
22 17
14 28
15 8
4 19
21 8
8 19
27 8
12 27
26 5
0 12
15 3
17 28
4 0
5 6
20 22
23 13
2 8
5 17
8 1
0 1
8 11
28 16
23 27
5 28
19 18
6 22
27 5
18 20
3 24
11 17
11 16
20 11
21 0
20 22
0 20
23 8
3 15
16 18
13 14
18 3
24 17
22 7
13 25
23 16
13 5
4 25
9 17
26 0
11 18
12 26
19 7
12 6
26 17
20 15
12 15
2 1
1 24
0 14
12 15
2 26
13 27
14 22
15 3
14 18
22 26
8 12
26 12
18 15
1 2
22 13
9 24
6 10
20 27
17 3
14 11
21 19
9 28
12 24
2 18
6 24
7 14
7 4
26 18
19 12
12 4
21 0
2 24
12 1
12 7
7 23
21 26
24 20
1 11
22 19
17 18
26 23
17 23
13 6
5 3
18 10
28 3
10 2
27 22
24 2
21 23
17 13
12 4
13 23
19 24
4 0
21 27
17 7
11 16
13 7
5 23
6 0
4 8
27 18
24 21
10 18
9 16
1 21
20 6
8 2
1 4
2 15
23 12
22 27
28 6
5 25
0 11
26 25
12 24
14 7
17 18
18 4
11 3
16 18
11 19
11 7
13 26
1 25
12 28
24 18
4 21
11 8
18 7
20 5
14 19
14 2
0 25
27 12
28 14
22 2
25 9
10 15
10 27
27 10
23 8
6 7
19 14
17 19
26 14
4 9
0 27
9 25
25 13
16 2
27 18
28 24
27 1
10 8
28 0
10 14
8 9
13 20
15 1
2 13
8 27
22 0
25 23
17 13
8 4
15 6
22 6
22 20
28 24
20 24
23 26
25 24
11 8
10 4
10 15
12 8
0 4
25 24
21 9
24 25
16 22
18 15
8 1
6 3
14 18
28 0
16 19
24 26
15 5
5 20
5 24
22 21
9 2
8 5
10 23
16 17
2 9
16 5
15 5
25 7
13 12
23 24
28 13
3 25
18 15
1 15
2 23
0 11
17 8
17 20
2 25
0 25
5 8
2 21
14 19
28 19
3 15
7 23
28 10
20 17
17 13
24 19
0 24
2 9
25 11
0 19
7 22
16 4
1 10
17 7
0 9
19 24
24 26
19 23
28 2
3 16
15 27
6 15
15 0
25 11
11 17
22 10
2 9
15 4
11 3
3 12
4 22
28 19
18 14
18 20
17 26
28 8
4 6
23 4
2 26
8 12
11 18
6 21
25 10
24 21
6 7
25 28
7 25
11 17
10 21
1 20
19 21
28 15
27 14
19 22
3 19
5 14
1 11
27 26
14 23
18 12
22 15
3 21
3 14
2 13
28 3
4 18
16 24
4 14
1 15
7 4
27 4
19 28
8 9
25 14
3 7
26 22
0 10
25 7
12 1
6 7
27 24
23 14
20 9
16 27
8 12
25 5
23 24
13 4
13 19
28 20
16 17
13 8
28 1
15 11
23 13
19 13
0 5
28 20
6 7
19 7
19 15
12 14
3 17
18 16
7 17
7 15
6 12
23 26
5 2
8 28
15 19
5 16
17 4
28 23
11 18
1 26
5 7
0 22
25 16
0 6
15 4
27 2
1 3
4 1
23 11
13 28
27 1
24 27
16 27
8 10
21 5
15 28
26 9
17 5
1 23
20 9
19 10
11 12
5 7
13 21
18 20
17 19
8 7
28 6
15 9
27 13
24 27
2 25
15 8
27 1
20 7
12 2
18 24
28 17
0 20
6 19
12 15
1 20
22 0
18 1
1 17
6 26
15 8
22 16
20 23
8 19
27 2
0 22
1 17
22 24
4 26
2 6
9 25
27 18
0 15
24 18
22 3
11 15
20 24
1 20
14 28
14 7
13 15
24 28
0 11
3 18
14 1
19 2
21 18
20 13
25 15
2 11
10 5
18 22
0 20
13 7
11 19
6 17
6 1
16 27
5 19
9 19
13 28
13 5
9 4
18 6
11 20
17 21
25 27
15 18
18 20
17 22
11 23
10 9
16 26
28 21
8 3
21 8
16 26
17 12
15 23
27 24
8 16
23 15
26 4
6 14
26 9
0 28
18 16
25 18
1 26
18 25
18 26
5 8
7 17
15 22
4 14
10 12
22 4
19 8
25 4
27 25
26 8
4 15
26 12
8 23
22 5
28 1
4 8
17 27
4 23
8 16
16 4
6 12
24 2
2 22
19 0
1 23
15 20
21 19
20 15
12 25
6 22
6 23
20 11
9 20
19 25
24 18
23 28
13 17
2 27
7 23
20 1
9 3
22 20
23 0
3 12
27 9
5 24
17 8
25 8
27 21
24 16
7 15
21 16
17 11
23 11
3 17
12 27
2 3
22 3
28 26
22 0
2 19
17 11
27 13
11 26
27 6
5 26
21 27
14 2
9 8
5 4
25 18
3 20
13 17
15 4
6 8
26 0
28 14
11 18
19 22
7 17
20 13
15 4
3 21
6 12
0 12
9 18
22 4
9 27
13 16
3 19
24 21
19 15
6 22
5 17
7 4
27 17
13 2
20 26
1 25
26 5
26 7
19 1
8 17
14 24
12 25
12 4
15 27
2 0
24 20
7 0
10 5
9 23
28 1
12 0
18 9
26 15
9 16
16 9
26 22
5 9
18 9
6 25
28 0
25 24
12 24
16 22
0 25
8 20
18 20
13 28
22 10
14 2
19 22
11 16
7 8
17 25
17 23
13 17
24 1
4 7
25 12
22 17
0 1
9 19
22 10
15 24
25 9
14 10
20 1
18 21
19 14
1 5
20 10
0 21
6 0
10 18
22 27
19 15
7 1
8 21
11 15
17 28
24 2
10 8
4 28
0 15
5 22
20 25
4 13
10 5
20 21
19 18
11 5
18 4
14 2
15 0
19 15
25 14
17 25
10 16
25 21
10 16
18 14
21 28
17 26
11 9
16 0
12 22
10 16
7 13
23 28
3 9
16 17
18 12
19 5
0 15
27 11
24 8
17 16
28 26
14 10
6 1
2 10
23 13
26 22
26 21
14 21
22 2
12 6
21 9
27 8
7 1
24 7
19 11
6 16
25 8
15 19
11 25
5 16
15 20
13 28
5 26
13 27
28 25
25 13
27 16
13 26
17 8
5 28
19 3
16 8
12 23
19 15
11 24
2 26
15 7
25 12
25 10
11 17
27 28
1 17
15 14
15 25
14 20
24 25
15 11
4 19
26 23
5 9
11 28
27 26
27 16
10 16
26 13
4 16
4 5
26 12
11 12
8 25
3 13
18 7
18 1
4 6
5 7
27 4
5 17
20 7
4 9
12 0
17 8
26 14
20 8
26 28
25 21
24 10
3 2
20 4
27 16
10 4
24 0
8 21
10 20
20 6
0 24
7 17
3 4
3 16
5 21
15 22
14 2
24 17
4 15
21 3
24 23
28 11
16 7
3 26
27 15
3 19
10 7
5 7
2 21
12 24
8 5
1 10
1 18
7 8
2 24
25 1
6 12
0 9
1 19
24 5
9 26
7 8
3 14
3 24
18 19
24 20
27 17
1 5
17 3
28 13
28 0
19 4
21 5
11 8
2 12
6 2
12 9
8 15
25 27
5 21
14 17
11 23
18 16
3 21
15 16
13 7
28 17
28 20
14 2
28 9
6 5
3 18
6 11
5 24
1 2
16 7
12 27
22 1
6 26
15 13
5 28
12 4
8 11
24 14
5 16
15 11
13 18
0 12
22 26
7 15
21 15
15 4
13 8
5 11
26 20
16 3
11 28
7 19
2 24
26 7
11 12
10 24
23 10
28 16
0 6
23 21
21 9
25 26
10 22
0 7
6 16
10 9
15 18
21 17
5 18
16 22
26 3
16 0
3 24
0 1
19 13
23 20
1 20
1 15
21 9
21 0
19 2
16 0
23 25
5 4
5 13
26 2
9 14
23 4
9 15
5 20
28 20
12 0
4 13
16 17
14 0
17 5
23 25
26 17
14 24
13 19
0 11
13 9
25 8
5 26
23 11
18 23
23 22
15 27
6 23
15 21
24 4
18 21
7 28
6 2
12 25
3 23
10 4
11 10
10 9
4 13
19 7
12 27
6 10
21 13
23 8
9 12
19 2
20 10
8 14
22 26
17 9
28 22
12 9
24 13
5 8
3 17
15 7
15 13
18 28
27 12
0 7
17 11
9 0
21 10
14 6
7 24
15 6
17 20
7 4
4 12
12 0
0 27
7 12
17 28
2 22
20 9
2 11
2 15
21 8
21 28
3 0
26 12
20 4
16 24
16 28
16 9
19 24
8 23
4 28
25 26
11 5
28 13
16 22
20 0
2 13
28 26
13 25
10 4
21 26
20 1
18 0
10 8
16 10
23 20
2 19
10 13
16 1
19 25
24 10
25 18
23 17
15 28
5 25
24 27
15 8
28 25
8 1
25 24
3 19
7 5
1 17
11 9
19 1
5 6
3 23
16 19
3 2
10 8
20 6
27 14
26 23
14 19
11 9
23 1
16 20
23 26
2 3
8 24
1 6
20 24
22 10
27 24
12 27
7 18
26 5
24 15
20 9
6 23
10 21
24 19
4 10
8 7
14 16
23 15
22 6
2 7
