23
11 16
11 1
18 5
6 13
7 19
8 18
9 22
21 10
21 6
2 22
17 14
15 12
4 14
13 7
9 3
12 19
9 7
14 8
13 5
15 4
7 10
13 6
2 0
4 3
19 21
14 11
13 20
9 11
11 16
12 14
14 1
10 0
8 19
8 16
18 17
20 19
21 4
2 0
5 1
20 1
22 5
6 3
10 17
8 3
7 0
17 2
4 11
11 17
19 21
12 13
12 2
5 16
5 0
15 0
20 11
22 3
17 5
0 21
22 8
2 0
8 13
3 7
2 8
1 21
6 8
6 12
10 11
22 9
11 15
9 3
3 8
0 14
7 0
13 1
8 9
1 11
22 4
18 1
12 19
17 12
21 0
18 9
5 18
12 11
10 22
14 7
1 14
15 9
8 22
4 16
8 5
4 8
4 22
3 16
13 20
0 5
14 18
8 20
7 21
8 17
20 16
18 15
1 11
18 9
10 22
2 19
22 1
21 3
17 1
13 1
16 7
7 20
15 21
4 13
0 16
4 16
11 14
11 16
9 20
4 3
17 2
12 9
22 6
4 12
2 20
20 9
22 17
18 14
15 9
15 8
7 2
20 21
14 7
2 5
5 16
22 1
5 2
0 12
7 12
8 21
3 17
14 12
6 7
15 17
11 6
9 19
8 11
2 13
10 12
7 11
18 9
11 1
10 18
9 3
21 20
17 7
9 17
14 19
9 0
7 15
1 16
11 9
22 7
22 9
20 6
21 9
10 3
10 20
21 13
0 14
10 12
15 13
6 9
10 0
16 2
18 4
7 4
3 15
21 12
6 21
4 15
2 19
0 9
17 8
19 6
0 9
7 0
13 17
18 0
13 4
20 12
1 6
4 14
6 19
12 21
22 14
11 16
9 20
10 11
10 11
12 14
18 6
4 6
1 21
13 9
20 10
21 11
2 6
17 21
13 10
20 4
15 7
7 13
18 19
17 0
2 8
12 8
6 12
4 5
2 13
19 6
11 17
7 18
6 22
8 10
14 6
2 21
14 9
10 4
10 12
12 16
14 13
5 18
12 7
2 8
14 7
19 2
14 8
8 10
12 22
11 15
14 2
1 2
6 22
6 12
6 17
3 19
22 16
8 1
18 10
15 20
6 11
5 9
20 13
19 3
6 7
18 21
3 14
17 9
13 17
15 19
11 19
15 5
6 17
6 18
4 15
15 5
3 21
14 17
11 10
21 12
12 10
10 15
1 21
19 9
9 11
22 21
1 15
20 1
3 20
20 8
6 12
13 9
4 21
10 8
13 22
14 17
3 1
13 18
20 22
4 2
21 19
4 7
16 5
5 7
19 13
13 3
20 0
7 18
15 17
20 22
10 12
16 13
13 6
8 4
22 13
6 15
3 4
22 20
4 0
11 18
3 2
12 11
20 21
22 12
20 10
1 13
17 8
14 3
6 13
10 12
5 7
17 22
4 21
20 3
15 3
15 19
5 21
1 20
19 0
9 10
4 17
22 6
8 19
12 16
0 18
15 7
6 8
6 4
6 9
14 3
18 10
2 16
11 22
6 5
2 16
10 0
10 9
0 13
22 6
0 22
2 15
6 8
1 12
7 1
15 21
21 10
8 0
20 13
17 20
12 13
13 22
14 18
2 8
2 1
15 2
0 17
11 1
2 6
7 3
1 0
1 22
4 3
0 2
10 17
16 0
7 22
15 19
19 18
15 20
10 11
15 21
22 10
0 17
4 1
17 22
1 22
3 18
18 13
6 11
13 7
12 7
17 2
20 12
11 17
22 3
20 16
13 14
16 2
12 11
19 12
6 12
9 1
1 22
7 15
13 8
9 10
5 15
21 16
14 21
14 5
8 21
19 18
0 3
6 14
15 7
3 18
8 22
11 10
6 18
19 13
20 22
0 19
14 22
13 5
14 4
4 16
2 0
11 20
3 11
11 12
18 8
7 21
7 19
2 7
8 21
21 6
20 15
2 11
14 9
10 22
7 14
15 4
8 20
1 6
3 12
18 15
14 20
13 16
16 15
0 18
13 15
18 4
2 15
9 10
1 13
10 3
4 19
7 17
8 13
20 14
2 12
22 20
15 9
12 10
5 20
19 0
18 21
15 5
9 11
12 19
14 11
15 21
18 3
0 2
17 8
4 7
7 4
21 0
7 10
10 12
1 0
7 14
22 16
13 8
4 2
21 12
13 7
4 2
5 4
4 22
6 9
0 14
7 21
8 14
3 12
21 12
5 12
11 15
2 13
20 22
5 9
12 7
8 15
12 13
11 19
16 12
4 0
10 12
9 13
18 1
12 7
0 18
13 15
15 20
6 14
3 16
20 10
18 6
22 7
20 4
20 13
10 18
8 21
1 11
5 19
12 11
4 12
1 11
21 16
8 5
7 5
15 4
9 10
5 2
11 2
7 9
9 17
4 17
9 6
22 9
19 11
14 17
17 15
5 10
8 15
9 7
7 8
17 11
13 19
22 9
20 2
18 15
7 18
7 6
4 20
12 19
15 0
5 14
10 14
22 19
17 7
3 2
18 8
15 14
8 1
12 10
14 21
11 21
16 12
21 15
10 5
2 11
10 16
15 18
10 12
13 11
9 15
6 18
2 20
3 20
3 7
11 1
19 3
12 8
2 4
18 12
9 14
17 13
2 4
9 12
10 22
0 19
14 6
8 10
20 5
8 1
13 19
19 3
0 8
11 19
6 1
8 15
9 20
0 11
18 9
17 5
8 17
1 16
17 4
4 15
9 6
10 22
2 0
19 9
8 15
9 3
18 19
6 9
19 18
4 5
6 9
7 1
4 0
12 8
21 12
4 8
5 1
9 2
20 12
4 7
21 1
2 11
7 11
7 19
9 12
3 12
19 21
16 14
10 19
12 9
8 11
17 7
12 20
9 3
3 7
10 19
8 6
7 16
11 9
6 20
21 9
9 12
7 20
20 12
10 9
21 12
14 9
19 3
1 0
1 21
7 11
17 16
18 19
3 6
5 9
21 20
13 1
3 14
21 0
3 8
4 1
14 18
5 11
16 6
5 17
4 12
22 16
5 17
6 2
18 11
6 16
2 19
11 0
4 10
0 8
12 4
3 4
17 8
9 4
8 14
21 7
20 0
3 9
6 22
21 11
5 8
7 18
19 7
0 6
8 13
6 5
11 17
8 14
21 16
22 13
0 19
11 17
22 14
17 16
12 5
21 20
7 17
16 14
17 16
19 1
17 1
6 11
3 20
10 20
19 0
14 15
5 9
9 13
20 2
2 20
17 16
4 5
4 18
16 15
6 12
16 0
8 22
11 13
15 2
9 10
17 18
9 20
4 0
17 0
19 14
12 13
12 17
17 8
11 3
8 0
19 8
2 12
19 14
19 6
16 22
16 4
17 2
18 16
2 7
16 21
22 6
5 17
17 7
5 20
15 22
10 0
19 16
13 10
12 19
20 11
12 19
22 9
14 15
5 21
3 21
14 2
4 19
19 15
20 18
6 12
12 10
12 8
20 2
12 3
16 9
8 5
22 8
8 0
14 6
20 12
14 0
11 4
13 20
1 3
4 13
15 14
19 0
12 16
12 15
9 15
18 8
9 3
17 20
8 17
18 14
9 12
2 7
19 0
3 16
21 10
8 6
7 2
12 17
8 22
3 1
17 11
4 20
22 21
11 1
15 0
16 18
12 3
3 6
6 19
4 16
22 5
17 1
17 11
4 16
8 22
4 14
3 1
13 1
7 9
16 7
2 12
14 8
9 17
15 9
7 13
19 6
18 14
2 7
19 0
17 22
22 13
2 17
20 3
1 6
13 9
2 19
0 11
5 11
3 14
18 10
5 19
0 19
15 7
9 15
1 2
8 17
15 10
12 7
7 14
10 11
10 21
10 15
18 19
5 22
1 22
14 10
0 17
19 20
4 13
6 8
19 13
9 21
21 0
8 2
5 13
17 10
5 6
6 10
5 7
5 15
15 5
9 5
18 6
3 9
13 5
22 20
14 20
18 9
6 14
8 19
8 18
1 14
1 12
20 2
17 19
11 4
18 21
9 14
21 7
17 11
12 16
9 21
14 21
7 20
13 15
10 15
5 11
7 6
17 21
3 6
11 14
10 6
6 13
14 5
20 8
10 4
2 13
2 10
12 3
1 19
18 11
11 17
16 12
1 11
4 21
17 15
6 21
22 13
5 7
18 20
16 5
1 12
19 3
22 2
6 17
15 18
5 20
13 21
10 8
3 14
0 20
7 6
12 0
13 18
7 8
15 17
8 16
0 4
13 22
0 13
10 15
2 15
6 9
8 16
11 2
11 9
3 12
15 20
2 10
21 11
19 16
19 12
10 17
19 4
11 3
14 20
6 7
3 9
15 14
21 3
16 9
6 13
21 22
4 1
3 2
6 0
12 19
6 0
7 20
4 18
0 18
15 0
19 18
10 11
9 8
9 19
17 9
3 10
8 7
5 6
10 11
6 16
7 12
16 14
3 14
3 4
10 18
21 6
7 8
12 11
16 15
1 5
1 5
9 10
6 14
10 2
16 4
3 22
14 11
3 6
14 1
16 3
22 16
10 8
22 15
18 14
17 16
16 20
20 22
11 7
10 7
0 14
10 16
5 21
19 5
6 14
15 9
14 9
14 16
2 6
11 17
17 0
10 20
1 10
3 8
14 10
2 22
15 18
4 7
9 4
14 0
19 17
8 22
8 1
2 9
7 19
3 7
0 8
21 1
18 1
3 6
5 2
21 17
0 22
3 4
7 21
1 2
6 0
4 8
2 13
15 17
16 15
2 14
10 14
10 13
11 16
12 13
8 7
13 7
4 18
15 2
19 11
9 19
15 11
16 6
20 8
17 13
18 13
21 22
21 8
13 9
18 19
22 3
3 12
11 2
7 20
4 20
8 7
11 0
12 4
6 9
6 17
16 1
7 15
1 5
17 8
14 13
4 7
16 2
20 21
4 21
18 2
19 20
4 1
21 16
5 21
20 11
16 13
7 17
22 8
17 16
8 1
14 16
11 10
7 10
14 22
22 11
12 14
15 13
12 8
18 4
5 1
14 13
8 9
12 10
20 0
3 22
1 11
15 7
22 16
11 7
16 4
18 5
18 10
13 7
13 8
6 12
3 20
2 5
0 9
15 20
9 12
20 5
1 6
6 0
17 7
4 21
20 9
17 1
22 18
14 2
1 4
22 16
0 5
10 3
20 2
13 4
22 12
5 22
18 22
10 6
0 14
4 20
18 15
22 11
11 7
7 6
5 7
22 6
6 4
9 20
6 16
1 22
22 0
15 11
22 3
11 0
17 16
14 6
2 7
18 13
15 2
14 20
3 7
20 9
11 1
1 17
11 2
10 5
3 16
19 6
5 13
17 15
5 1
17 12
13 2
4 15
16 19
13 0
16 12
11 17
0 14
11 5
11 14
15 7
14 21
8 6
3 18
9 16
20 8
3 7
4 16
7 14
9 13
3 21
8 3
12 13
2 0
4 17
7 12
9 22
14 9
19 18
4 6
11 18
14 2
12 1
4 3
11 6
3 19
3 15
9 22
9 7
17 16
13 20
10 5
0 6
0 5
6 5
17 14
14 3
15 18
7 20
0 7
0 14
5 9
17 4
18 2
15 6
9 6
16 14
7 16
8 6
0 8
0 14
22 14
18 8
3 19
0 4
20 0
18 2
4 12
1 22
8 10
5 12
17 15
3 1
9 6
1 9
14 18
17 13
10 6
15 7
19 15
5 17
10 17
13 14
1 8
13 9
19 13
21 7
5 19
8 14
2 3
17 16
21 6
0 2
12 15
10 3
2 9
14 12
4 21
3 5
7 10
8 20
0 1
4 6
20 6
14 16
9 3
7 15
3 10
21 12
14 18
14 0
9 3
21 8
0 3
15 11
6 11
7 10
17 4
16 9
14 19
12 17
3 21
20 7
13 3
15 9
18 10
18 15
8 3
16 6
12 21
12 18
9 19
22 21
17 9
1 8
5 7
2 3
5 16
10 12
19 3
21 8
13 17
18 15
14 5
21 3
10 6
0 10
21 17
19 16
19 0
15 22
22 8
9 12
22 6
4 1
13 15
19 6
7 1
4 22
4 9
9 5
9 13
3 21
4 14
17 0
14 10
22 8
12 8
14 11
9 12
13 22
5 3
5 6
5 4
5 3
13 14
8 16
22 6
14 3
20 9
3 5
13 2
7 2
10 21
8 19
5 15
13 10
18 12
16 0
16 21
4 0
6 11
5 12
2 8
3 5
11 3
12 7
10 15
18 3
17 8
8 9
15 18
4 5
11 5
15 3
3 16
3 9
21 9
16 0
11 13
0 17
16 12
1 4
21 13
1 15
16 9
1 8
21 6
7 3
11 0
6 8
10 3
17 8
12 4
2 18
18 2
12 5
9 7
3 7
21 4
0 14
13 18
16 5
1 8
6 18
8 5
12 20
13 1
1 15
13 12
2 19
21 4
16 22
2 21
16 10
5 12
20 11
7 21
19 8
16 5
16 15
17 13
5 12
9 15
3 22
21 22
12 19
3 6
18 22
4 12
