22
12 7
2 18
21 6
6 5
9 12
5 14
8 13
8 1
12 2
4 3
6 4
8 14
0 14
21 15
4 9
14 16
17 15
10 14
19 16
17 6
5 0
21 13
11 5
15 21
5 17
2 11
19 8
1 17
20 0
10 2
8 1
16 1
14 4
15 11
21 10
17 2
9 14
15 20
19 6
20 2
1 20
12 18
5 13
14 3
12 0
6 20
1 0
19 13
3 12
2 20
18 2
7 10
17 4
6 2
2 6
1 20
18 20
3 8
10 7
18 10
11 14
12 9
11 1
12 1
4 12
21 0
14 5
8 10
9 12
10 11
19 9
9 13
5 11
19 15
18 15
4 7
7 14
16 18
15 7
17 15
15 10
20 2
18 7
14 4
16 9
13 1
1 19
12 20
10 6
12 14
13 19
4 6
14 18
11 9
13 6
0 7
16 20
7 10
3 21
14 19
7 4
19 8
21 9
4 9
16 0
5 12
2 11
4 20
0 11
12 5
12 17
19 8
2 8
12 21
20 7
6 2
4 12
1 12
17 9
4 9
9 21
11 19
1 10
19 11
20 0
21 13
20 7
13 4
17 10
2 3
17 5
5 4
17 20
13 21
8 20
9 5
10 6
5 18
1 16
14 2
15 3
20 16
2 16
4 17
19 7
0 3
10 18
21 17
7 20
2 11
6 16
2 6
8 14
6 21
17 4
17 9
6 11
11 8
4 9
14 5
10 2
21 9
1 16
15 21
17 2
3 1
16 5
7 2
17 13
21 10
15 16
19 4
9 6
8 16
20 11
4 20
10 11
21 3
2 19
20 2
0 19
18 4
3 18
21 14
17 8
8 10
5 14
14 9
20 6
7 10
8 3
18 3
21 20
20 17
1 18
13 17
0 16
14 20
6 7
6 14
15 9
18 5
0 5
4 6
11 12
15 14
6 11
15 4
7 11
21 6
8 10
2 6
4 14
4 11
19 8
1 13
18 19
18 16
1 20
0 12
8 15
2 15
2 16
19 10
5 16
16 13
5 16
20 7
6 0
16 4
7 16
15 1
11 17
12 8
17 0
14 9
1 5
11 17
2 19
0 17
12 14
20 6
10 3
11 8
18 15
15 12
6 14
21 17
9 10
1 3
10 16
12 11
21 4
0 19
5 15
7 17
11 3
14 0
11 8
15 3
18 21
17 18
15 3
6 14
6 14
6 16
2 4
13 6
2 8
11 17
15 4
4 5
7 16
5 19
3 19
20 21
16 13
15 7
16 21
20 12
4 12
14 6
4 20
8 10
8 3
2 12
7 20
0 10
15 3
5 13
0 20
4 16
3 19
13 1
17 3
4 6
17 10
8 14
19 18
0 20
20 12
4 3
8 4
14 1
7 17
12 7
15 21
19 12
13 18
5 16
0 11
10 11
19 2
8 14
2 4
12 14
8 16
1 12
6 0
17 21
13 1
15 6
0 10
16 13
6 21
8 5
9 18
16 4
18 0
18 20
4 7
10 13
1 9
1 5
10 19
4 21
18 17
3 18
5 19
10 16
16 15
1 10
7 6
6 7
0 2
9 7
12 0
6 0
0 11
8 17
14 5
13 9
8 7
13 3
17 21
17 9
12 19
17 19
1 21
2 1
1 11
7 14
10 13
12 10
1 18
3 13
1 16
20 7
21 9
10 17
8 5
2 20
0 18
15 1
17 1
19 7
8 9
17 19
19 3
20 15
6 11
14 20
10 21
19 7
12 4
10 13
0 11
9 16
10 4
9 11
21 16
17 8
9 15
5 12
11 20
16 21
10 14
7 9
10 2
16 20
6 5
11 5
14 20
21 2
1 8
12 0
1 7
9 10
20 12
21 8
9 15
7 19
6 14
7 14
14 21
12 21
4 2
4 18
20 1
19 7
9 20
6 14
5 17
11 17
14 19
2 5
2 0
9 14
5 1
6 4
12 5
7 12
7 1
10 6
20 6
14 5
4 20
20 7
13 9
0 3
4 3
9 6
1 16
20 6
18 4
8 13
18 15
15 4
20 11
10 12
17 12
8 15
19 0
0 20
3 2
21 10
8 0
5 4
4 21
8 10
5 14
2 1
6 17
5 4
6 16
16 1
6 2
14 2
0 12
0 2
14 19
12 20
17 15
2 21
14 9
9 19
1 11
18 5
4 2
9 16
3 10
20 4
1 0
4 11
20 4
2 17
17 20
12 8
21 9
1 8
17 18
7 4
15 13
9 15
20 16
9 2
4 7
4 3
8 6
13 4
11 15
0 4
13 10
12 18
11 18
13 6
2 17
19 13
2 12
11 18
19 11
21 2
13 0
8 20
13 7
4 11
11 16
21 6
17 9
1 6
15 1
0 12
12 2
0 1
19 17
11 16
19 2
16 6
0 6
17 7
10 6
16 4
5 14
9 21
1 8
5 14
9 5
2 21
6 0
20 1
17 7
17 14
10 11
18 8
15 13
14 4
19 6
6 1
20 15
20 19
21 3
11 8
7 11
5 11
11 2
12 4
9 7
19 16
13 4
10 5
18 12
0 2
18 1
21 10
21 18
9 1
6 16
6 17
19 17
5 19
7 9
7 12
4 2
6 16
6 14
21 0
4 19
1 21
19 0
7 18
18 14
17 0
6 1
16 4
16 21
21 6
6 11
9 7
16 3
11 8
0 12
11 17
11 10
14 11
17 9
5 7
4 6
14 4
0 16
18 19
15 18
1 20
7 10
5 1
11 14
8 9
2 19
3 13
5 17
2 20
4 8
5 7
12 19
9 12
11 5
9 5
1 8
3 7
17 6
6 4
20 12
14 21
9 17
12 14
10 13
10 15
21 16
20 9
11 7
21 1
12 6
4 12
14 5
17 9
9 21
12 5
12 4
4 21
19 17
12 5
8 0
20 5
14 16
14 4
1 11
3 12
15 5
2 5
10 17
13 19
16 3
2 6
5 7
4 2
0 16
5 6
14 4
9 7
18 21
9 20
10 1
15 10
6 3
5 19
20 19
0 20
4 5
5 8
5 3
0 11
9 14
13 16
19 9
15 4
7 1
14 15
2 5
1 9
6 4
4 2
5 3
6 8
6 12
14 8
12 3
17 4
14 10
0 1
3 4
7 5
19 20
7 2
0 14
9 4
19 11
6 2
12 10
10 19
0 5
10 1
20 13
15 8
13 15
10 17
20 15
12 16
20 13
16 13
20 19
10 9
1 10
0 10
18 17
8 17
20 19
18 16
10 1
1 11
16 21
4 7
13 2
20 6
13 16
3 21
1 2
7 21
12 2
16 21
19 12
18 13
7 6
1 8
5 2
17 21
21 4
13 21
2 19
11 16
20 10
18 20
18 17
11 18
10 8
15 0
2 6
5 6
6 11
11 6
6 10
4 5
15 3
15 10
14 8
6 0
4 16
19 15
12 7
1 3
6 1
10 11
7 14
1 18
18 5
5 0
9 18
13 12
9 1
2 17
7 2
19 12
17 3
7 0
3 11
6 4
19 16
12 9
15 6
5 20
11 4
7 5
17 15
19 17
8 2
18 6
12 13
21 16
20 21
17 7
4 21
4 18
9 11
9 16
17 7
3 21
13 9
14 6
2 9
2 8
12 20
12 2
11 16
7 9
11 15
11 9
17 7
18 7
16 12
0 21
16 19
12 1
11 19
1 21
19 9
9 17
0 11
4 11
4 11
18 15
4 7
0 20
14 19
3 6
7 3
6 21
20 16
0 9
11 1
6 8
9 15
3 9
5 7
18 7
17 15
20 19
20 21
17 13
18 17
1 19
1 21
17 18
21 3
7 21
9 14
6 3
15 13
6 21
9 13
16 0
9 13
19 8
7 10
2 1
3 4
21 5
3 14
21 0
17 4
19 3
18 1
6 10
14 10
9 0
21 3
20 8
14 17
17 19
3 17
21 7
21 18
12 0
10 9
21 4
13 16
7 8
18 11
18 8
21 5
8 18
6 7
2 18
2 19
14 6
15 11
13 12
5 1
11 15
10 8
17 21
0 2
5 16
11 1
3 8
4 11
4 8
16 7
3 19
2 17
1 15
4 12
4 9
13 0
21 18
18 19
20 2
14 10
1 15
16 4
4 21
12 19
6 13
14 6
6 15
0 10
5 2
19 16
15 20
15 12
14 9
9 10
9 1
18 11
14 13
15 19
12 3
14 16
15 6
0 21
21 20
10 2
0 5
18 15
1 9
5 15
16 13
4 12
0 15
5 13
6 0
1 7
14 17
20 18
16 20
17 14
6 17
13 11
11 4
11 18
10 4
12 21
6 16
11 7
7 16
18 11
14 20
17 6
13 15
2 7
13 17
20 19
10 11
7 21
15 16
17 1
18 8
0 3
0 10
8 2
2 19
17 0
14 1
14 8
2 19
19 17
17 15
6 20
5 20
14 21
21 8
7 20
11 7
8 17
13 10
20 9
5 18
1 5
8 7
5 6
3 0
1 18
4 8
14 10
6 4
7 3
12 14
1 2
19 7
17 11
16 13
20 21
10 19
2 16
3 5
0 4
4 2
20 8
8 12
16 12
16 1
13 6
15 6
11 20
2 20
14 13
18 12
21 13
12 16
14 18
16 18
0 16
16 8
2 6
3 12
20 2
4 5
18 17
9 5
13 9
3 6
1 19
18 0
8 6
16 1
2 9
17 0
3 12
9 4
16 10
14 15
12 18
18 6
11 3
9 3
13 12
7 14
9 1
12 18
7 17
8 14
12 8
17 2
15 21
17 3
14 8
14 8
2 18
18 5
6 19
18 4
8 4
3 21
0 10
4 15
16 18
5 3
11 6
18 9
1 0
21 9
12 7
9 8
1 14
12 20
11 9
0 17
11 3
16 11
12 18
4 6
14 7
9 2
13 4
11 14
2 10
21 14
15 8
20 17
21 11
13 8
18 14
3 7
15 20
16 3
14 18
10 5
3 17
7 17
21 18
7 21
6 5
13 21
11 10
14 10
21 6
18 15
18 20
0 11
18 14
15 8
10 1
13 11
16 20
4 14
14 12
13 18
15 5
18 4
13 8
13 12
14 9
3 10
7 3
20 1
15 11
8 3
12 21
14 4
18 17
18 10
7 10
7 20
13 1
2 9
15 14
0 1
15 8
6 18
6 11
17 14
12 5
11 2
8 7
19 4
16 2
12 1
0 1
0 3
3 7
16 15
7 15
8 16
0 2
20 4
11 14
16 21
17 5
2 3
11 19
6 5
0 18
4 20
18 4
21 19
9 16
11 17
7 17
9 5
18 5
9 7
19 1
5 13
7 16
16 2
20 21
2 15
1 11
3 0
6 12
14 17
5 0
11 14
3 7
18 13
12 13
14 17
4 19
2 19
11 5
17 8
5 10
9 4
19 10
3 4
1 15
19 6
13 8
19 17
15 6
6 18
1 9
16 2
6 3
5 21
12 10
10 21
13 5
10 16
9 5
15 1
13 10
16 5
1 0
11 6
18 10
15 10
10 19
14 15
18 4
2 4
1 15
10 9
7 17
18 14
0 10
13 14
20 7
17 20
7 4
4 2
14 19
10 3
14 2
16 10
4 18
13 4
9 1
13 16
18 10
9 17
18 0
7 16
8 2
14 13
6 16
15 20
11 4
21 3
4 16
12 7
10 3
11 20
4 2
14 20
10 21
15 6
0 21
6 2
11 19
6 11
3 17
13 2
21 15
16 9
0 3
12 11
1 14
12 13
12 20
13 4
5 13
2 19
3 13
14 9
19 3
12 13
14 13
10 8
5 19
6 8
9 16
7 21
6 21
11 4
12 13
7 1
16 9
18 19
1 8
4 18
10 15
7 2
6 15
8 9
12 15
18 19
9 1
18 13
0 6
15 10
17 1
9 11
8 3
6 7
12 11
2 0
4 9
0 8
3 9
17 13
2 11
9 11
13 3
0 11
9 15
20 5
16 7
14 1
11 21
8 21
8 10
21 10
20 21
16 21
6 9
12 8
19 21
17 8
1 17
19 10
9 15
13 3
1 6
2 10
3 11
9 21
6 17
17 3
11 16
10 20
5 18
15 2
12 1
3 5
19 14
14 12
3 16
13 7
18 21
8 7
8 17
5 12
12 0
16 21
17 4
18 0
20 11
2 8
13 4
14 10
18 4
20 19
18 12
5 15
9 13
20 18
7 1
6 17
2 0
17 19
2 11
17 1
0 17
9 11
21 19
15 4
18 13
20 6
16 13
15 5
10 9
12 11
16 8
13 16
1 8
19 12
1 18
12 19
3 0
16 3
19 10
5 13
21 3
19 13
15 13
18 1
0 9
10 14
15 0
9 16
8 4
6 8
0 16
3 1
14 19
4 12
5 7
1 2
11 21
15 2
10 12
3 8
19 13
1 12
13 8
4 20
10 4
8 2
7 9
17 2
14 5
6 21
6 8
8 3
0 10
13 10
11 20
7 3
21 17
14 5
21 10
15 7
14 1
7 21
8 2
0 5
6 20
12 14
4 13
12 15
3 0
2 1
5 3
20 0
18 3
19 4
16 2
19 17
10 16
3 12
16 2
