33
10 25
29 16
24 0
14 2
32 0
18 8
22 5
10 20
22 5
19 29
4 6
14 32
28 1
32 22
1 28
27 9
19 23
25 8
21 4
10 21
2 27
27 25
32 3
12 21
8 30
17 10
3 30
9 30
31 7
19 30
0 11
4 17
2 28
25 23
32 3
9 2
30 2
25 29
5 2
15 11
30 22
1 27
29 24
3 13
21 4
25 26
21 27
21 14
15 18
15 25
20 12
27 10
6 30
13 19
8 10
16 30
9 11
25 5
0 28
19 21
30 11
12 17
3 31
29 18
17 11
8 2
21 0
11 25
30 24
11 6
32 27
1 7
3 26
12 3
20 29
23 17
5 0
1 6
32 30
25 14
6 31
14 27
32 25
19 27
14 28
31 14
21 0
19 22
24 29
26 9
26 14
27 29
14 26
3 11
22 26
25 26
24 7
21 30
5 16
12 32
14 24
20 12
10 9
4 6
0 11
30 14
3 27
27 30
28 5
17 21
31 10
12 3
29 32
0 2
15 10
1 29
1 19
9 28
11 16
27 22
13 6
26 5
0 21
0 6
3 21
2 13
32 3
8 31
3 8
13 12
7 11
26 14
21 19
23 4
13 15
20 4
21 20
23 19
24 26
8 26
4 5
29 12
1 31
20 12
8 27
19 18
32 7
5 22
9 18
0 23
3 4
11 22
25 28
13 18
1 5
21 6
32 31
7 28
19 17
3 11
2 21
28 1
28 0
23 3
16 24
26 18
26 2
7 19
30 20
2 30
23 3
23 22
9 18
6 26
20 15
26 8
10 27
1 8
16 2
25 7
28 10
31 28
15 24
2 18
21 26
6 22
14 26
31 30
30 23
17 13
16 23
