23
10 17
21 15
3 5
0 11
20 2
3 8
3 8
20 6
4 12
3 5
22 11
11 6
1 8
15 14
20 1
9 7
12 1
16 15
0 17
20 19
1 0
22 3
20 22
2 3
19 7
2 12
2 20
20 17
11 12
14 12
1 15
6 17
9 0
8 7
19 9
1 12
7 15
11 9
18 8
10 14
4 22
16 1
13 11
12 2
0 3
14 2
12 20
13 21
14 21
22 10
2 17
16 3
9 5
12 21
7 22
12 11
15 6
12 5
11 18
1 5
15 16
1 4
7 8
19 22
1 19
3 13
20 0
17 19
12 9
20 5
22 2
20 22
8 19
4 3
21 9
12 8
5 16
15 13
6 8
14 2
6 11
10 20
11 21
16 0
7 22
0 9
19 16
17 10
20 14
8 1
3 16
6 13
2 19
19 5
11 16
11 22
20 8
5 18
18 22
19 2
22 20
5 12
13 16
22 5
7 1
6 4
17 12
17 14
8 7
19 0
1 13
14 3
12 9
21 11
6 17
4 20
22 17
4 15
10 9
16 12
15 20
6 4
8 14
13 9
10 3
4 5
10 18
8 22
5 6
11 5
0 9
19 16
3 0
8 14
4 18
3 19
15 3
1 17
18 8
4 22
11 8
5 16
3 13
15 2
14 20
1 8
7 14
2 4
15 4
12 19
0 15
9 13
4 21
2 12
2 1
18 4
0 11
1 8
20 4
16 12
22 1
19 14
20 17
0 19
7 13
13 16
22 16
6 4
14 8
16 10
4 5
14 4
16 12
8 14
22 20
7 1
10 21
15 4
15 5
5 18
22 5
12 5
3 8
13 8
12 19
22 10
6 9
17 14
17 16
11 2
17 15
17 4
14 4
9 19
9 5
18 8
11 18
11 8
20 2
16 3
21 10
13 4
19 7
13 8
1 18
4 12
11 15
16 2
19 20
15 6
19 5
8 7
0 20
9 14
16 20
17 8
7 12
20 15
19 5
10 15
3 22
3 19
10 22
15 1
14 21
20 19
7 21
13 21
7 4
14 4
15 22
5 0
5 3
9 19
2 13
11 6
6 8
2 16
7 17
17 15
10 8
12 11
6 19
9 14
18 17
12 10
10 18
4 9
15 7
5 17
20 16
17 4
18 19
14 19
8 3
12 11
18 0
12 14
3 9
14 9
14 1
21 18
4 13
20 10
2 17
20 19
15 16
10 1
12 4
1 9
13 18
21 5
21 18
8 6
22 7
20 12
11 9
15 7
20 13
20 13
6 1
14 12
13 12
8 21
21 3
14 3
18 9
6 1
8 22
2 0
11 8
5 14
0 12
12 13
3 19
13 5
4 20
12 16
5 21
8 3
18 16
1 14
3 7
9 5
6 12
22 12
20 4
3 14
10 9
5 14
5 12
19 9
9 8
19 14
0 22
12 19
15 13
4 12
14 7
12 14
19 11
3 10
16 1
2 20
10 1
11 10
7 1
13 17
4 10
2 4
3 8
17 18
15 2
6 0
14 15
13 2
18 1
12 19
20 10
1 15
15 11
22 17
1 10
21 5
13 2
8 15
14 21
8 6
0 14
6 8
6 20
4 19
15 17
9 6
21 4
21 13
15 14
1 11
2 22
16 9
19 1
10 17
9 10
17 18
17 2
18 8
6 14
17 18
0 9
22 21
17 15
6 18
20 8
12 13
11 8
9 13
12 3
16 22
14 11
10 7
12 11
15 6
22 10
6 3
4 21
20 13
5 9
10 7
15 0
19 17
4 3
0 1
19 0
10 8
4 14
9 17
2 1
17 19
6 1
22 4
16 13
17 15
16 4
0 9
21 13
20 19
16 21
21 12
15 8
14 19
16 0
7 13
19 2
9 19
20 2
0 7
9 11
0 19
9 17
5 7
7 20
4 17
18 19
6 10
21 15
0 14
9 8
4 5
4 7
18 9
18 2
12 0
2 9
9 13
8 17
20 5
15 14
0 5
15 4
3 1
5 11
10 7
16 11
0 5
0 4
18 2
16 18
22 2
5 12
5 22
4 10
8 18
5 13
4 9
10 5
14 21
16 15
8 3
20 9
2 20
7 20
0 17
16 14
21 5
19 14
9 6
22 11
6 20
15 16
3 6
8 13
22 17
10 19
20 12
11 4
