44
36 37
38 40
14 24
12 43
25 6
6 18
43 34
28 20
4 37
17 33
39 6
24 14
33 38
9 31
37 43
38 29
37 32
1 27
32 13
27 13
40 9
7 15
20 36
11 24
5 28
33 1
34 14
15 0
28 24
7 21
0 1
7 13
9 8
40 41
42 43
31 14
29 14
5 26
17 5
32 1
39 33
12 9
4 12
13 5
19 34
25 41
17 38
6 2
10 24
20 10
31 34
39 1
15 20
28 32
25 16
34 40
25 22
5 29
34 38
10 29
29 35
26 2
29 33
24 40
33 0
26 20
10 41
41 26
17 25
14 18
17 24
15 42
2 40
4 12
35 14
42 20
26 24
42 31
33 23
3 22
43 29
18 10
2 16
36 39
17 26
14 35
27 29
33 29
1 13
42 36
28 16
32 30
40 7
17 30
30 21
28 29
26 3
15 5
19 27
0 36
10 14
3 13
19 13
42 41
26 16
33 30
32 42
16 5
5 10
35 31
19 40
33 42
32 14
17 15
15 30
1 5
33 14
1 2
33 42
29 25
31 15
34 29
8 39
10 18
30 21
25 18
34 24
26 5
17 41
20 23
19 1
33 9
2 11
18 0
16 0
8 34
13 16
29 24
34 35
1 35
36 39
25 36
21 30
10 39
26 9
34 28
42 19
6 10
38 7
26 38
35 34
4 24
26 33
4 36
0 26
27 36
21 9
29 19
15 34
42 24
24 2
23 43
8 9
13 35
35 7
26 2
31 27
4 20
31 41
40 33
24 33
31 9
18 6
25 33
16 23
33 16
1 12
35 9
41 5
21 9
32 23
11 20
6 15
16 14
32 13
3 13
2 34
22 40
16 3
5 32
2 38
4 23
27 40
9 24
1 30
33 9
20 29
36 12
2 6
0 15
9 33
17 20
12 33
36 35
38 25
14 32
5 37
15 1
2 16
22 8
5 32
38 2
17 30
14 19
12 14
34 41
4 27
17 36
16 10
3 30
11 17
39 16
31 30
38 9
2 16
18 28
4 12
30 22
18 0
17 30
34 8
3 14
11 21
6 4
7 30
34 38
3 5
10 36
4 20
38 41
38 42
1 26
28 43
20 4
17 26
39 1
29 9
12 6
36 33
22 3
27 1
8 14
12 0
38 32
15 35
2 13
37 4
18 36
24 22
29 6
17 30
35 3
43 18
15 11
7 13
14 11
14 23
25 2
43 19
10 34
11 12
24 16
42 36
40 20
22 14
8 14
37 27
32 8
39 15
21 9
26 11
8 7
14 28
3 24
18 14
13 42
38 5
40 6
2 37
28 24
27 13
14 20
40 22
4 11
38 1
41 20
12 25
4 2
9 7
3 28
21 36
26 35
41 43
17 19
12 2
20 15
35 34
35 7
13 15
19 7
16 36
3 4
17 7
27 14
6 31
11 42
13 22
15 32
16 35
20 18
11 35
29 1
2 36
34 37
31 41
29 43
21 34
17 28
37 20
19 7
6 37
40 5
8 5
21 43
1 15
30 37
0 8
15 12
42 9
20 16
38 19
37 4
36 21
17 32
16 36
15 23
29 12
4 14
37 25
33 38
16 20
7 16
4 23
4 2
8 24
18 22
0 31
3 12
9 20
1 33
16 0
38 4
4 28
17 5
18 12
21 14
19 13
18 20
2 42
15 1
42 2
4 31
31 0
32 9
9 24
9 24
5 34
8 22
39 26
10 37
40 6
6 34
24 11
3 43
2 4
17 24
28 4
12 4
12 21
14 37
6 14
18 40
22 16
12 5
27 5
21 33
31 12
33 32
43 12
31 21
16 4
1 20
29 13
25 41
10 15
34 17
29 28
13 27
1 32
28 6
30 17
14 18
26 2
37 39
33 14
31 13
35 8
42 5
9 16
35 0
26 8
5 11
42 32
12 19
41 40
26 27
33 40
21 35
18 14
30 27
4 38
16 39
22 15
20 31
7 12
7 33
40 32
0 14
20 12
34 17
28 36
20 37
8 17
5 26
31 11
9 35
5 25
7 27
16 27
34 23
15 17
13 12
5 33
2 26
22 36
19 6
4 16
20 12
33 25
14 41
36 23
8 18
25 15
1 17
43 12
17 34
29 6
2 35
39 5
37 17
17 12
0 22
4 40
34 14
21 5
11 33
4 19
27 5
11 29
23 30
17 16
20 2
22 23
13 37
4 6
11 21
39 31
19 27
10 33
24 35
0 33
15 40
17 21
7 22
0 37
39 16
13 17
14 12
31 7
36 13
38 34
8 25
9 28
28 39
17 8
30 38
18 22
34 11
43 17
33 19
10 4
11 43
21 25
32 28
8 0
42 3
34 26
4 20
30 33
15 4
17 22
18 11
0 8
22 43
25 11
38 11
35 5
30 13
30 38
17 38
39 35
17 29
18 22
25 4
31 41
28 24
39 2
36 39
30 14
14 31
2 8
18 37
13 5
26 19
43 0
33 14
35 27
20 29
25 1
34 12
42 38
12 37
17 4
8 23
39 42
11 41
26 5
10 15
30 37
10 6
13 0
20 24
3 40
10 28
42 20
16 34
28 30
7 9
38 31
4 13
18 21
39 23
31 11
10 0
41 16
13 17
36 14
20 9
24 4
7 20
40 23
10 1
9 38
10 24
1 34
37 19
11 8
18 39
4 19
37 20
8 10
33 42
31 42
22 11
25 18
28 4
5 29
34 19
39 14
20 5
27 39
36 11
33 10
7 38
5 0
14 34
30 23
32 37
41 31
5 22
25 9
3 30
38 13
5 9
3 25
14 30
40 6
41 30
36 24
24 18
24 14
28 31
14 16
24 11
23 5
10 5
14 33
11 8
2 37
37 5
38 7
11 35
33 8
41 2
9 41
40 33
31 24
40 1
16 21
33 40
26 43
1 41
32 25
10 25
19 15
20 2
2 31
12 30
28 34
39 1
30 5
32 30
1 34
2 22
43 42
25 42
19 42
6 8
23 36
9 18
27 29
41 29
16 29
15 0
19 11
21 25
16 10
11 37
20 13
16 19
32 41
37 27
39 19
35 38
11 21
33 14
6 30
43 23
15 34
43 10
1 21
11 37
7 22
31 27
11 23
22 43
40 15
3 11
34 14
5 21
35 38
35 42
0 10
41 35
0 40
21 22
37 32
35 0
30 42
3 42
21 25
17 40
20 28
6 35
10 3
26 24
14 0
1 24
41 36
1 14
34 23
27 22
14 28
9 13
7 10
33 0
28 29
41 32
12 32
18 15
34 43
30 11
0 30
8 12
31 42
2 10
26 1
1 30
10 34
37 0
26 13
4 32
10 13
20 18
31 11
9 30
41 20
6 4
4 39
35 23
41 22
25 18
43 11
28 33
24 41
9 27
11 14
35 21
27 11
16 14
22 25
21 40
21 27
0 1
42 11
24 16
33 25
34 32
36 39
41 37
36 7
20 23
21 11
21 24
42 37
38 40
38 35
36 35
39 12
36 37
24 37
9 33
18 0
42 31
15 39
24 27
2 20
7 43
7 4
23 25
41 38
21 11
29 14
2 24
2 14
38 2
7 3
36 2
23 34
33 38
29 33
22 8
29 5
7 36
9 31
37 26
25 14
13 10
4 15
11 7
29 5
9 13
28 21
15 28
11 24
42 17
13 40
25 18
21 32
30 6
39 23
8 20
37 21
7 42
12 38
25 42
19 10
31 23
32 2
7 19
26 12
15 22
13 9
0 2
39 6
41 18
15 38
31 12
21 5
25 15
6 43
34 17
30 33
25 32
41 20
34 43
33 25
21 2
10 41
24 5
24 42
43 39
12 6
27 33
12 8
24 38
7 14
11 37
23 12
1 20
33 11
19 42
12 17
20 22
14 1
3 14
19 22
29 31
29 13
40 17
21 20
11 5
10 43
42 33
11 20
10 20
7 5
38 20
42 15
18 33
36 42
3 11
20 33
18 25
2 14
42 23
34 10
28 0
29 3
33 16
43 19
37 6
25 31
2 23
2 41
12 38
39 16
25 35
25 43
17 27
13 35
26 3
21 11
3 6
34 13
23 33
32 16
15 33
23 38
13 2
35 1
16 6
37 42
41 18
17 34
21 31
26 4
10 3
35 34
10 25
3 33
34 11
25 1
24 19
34 26
10 11
19 16
5 37
34 43
10 24
21 17
6 25
4 30
16 14
40 17
37 5
27 4
6 8
5 6
28 39
9 38
7 28
31 32
21 7
7 21
28 25
4 29
29 34
21 43
6 14
36 31
41 16
13 6
22 19
10 37
4 24
20 32
11 8
29 8
36 37
6 20
18 10
26 23
20 23
42 2
38 10
9 11
26 22
37 24
17 3
38 22
28 14
30 15
43 16
24 35
9 6
31 3
16 13
2 12
13 0
14 7
30 23
38 32
21 32
13 14
35 7
36 39
41 23
11 40
15 11
7 24
17 39
3 9
28 5
21 17
25 11
0 11
34 39
43 31
27 32
1 38
15 14
34 13
13 1
29 28
12 13
28 5
8 31
14 12
12 11
30 37
22 30
4 32
25 23
19 28
12 40
23 3
10 33
16 23
34 22
27 22
35 11
27 19
18 17
7 30
28 37
43 6
0 23
14 1
3 33
30 35
29 38
16 18
31 39
28 29
23 6
40 10
9 15
29 2
42 35
30 36
35 12
12 14
26 13
37 35
19 4
40 4
43 12
22 6
28 6
35 7
32 7
37 17
42 22
