47
40 1
20 33
7 21
12 0
34 8
27 33
33 45
23 24
20 23
14 24
21 20
1 25
12 18
38 36
15 12
8 16
11 20
24 11
11 3
24 20
30 37
32 28
13 9
28 37
3 31
37 23
32 15
15 29
32 45
27 23
32 43
14 6
46 25
43 2
29 42
11 19
28 40
32 16
0 22
19 10
38 22
42 33
16 3
18 27
1 24
4 34
21 18
19 46
22 15
28 4
11 39
23 18
11 9
34 37
10 33
0 28
34 21
14 29
25 11
9 26
36 13
39 36
31 11
35 33
6 42
37 43
14 25
2 27
42 38
39 42
19 26
17 12
8 42
24 18
0 39
10 19
28 21
9 42
7 15
17 44
37 31
37 30
9 18
11 30
10 3
26 8
9 22
0 43
43 3
14 22
42 4
41 2
25 4
44 32
45 14
8 36
45 46
45 34
17 9
17 6
39 22
41 27
23 41
23 19
44 17
42 18
21 15
20 25
19 43
10 44
11 44
12 35
43 10
1 40
46 45
25 17
46 45
44 23
39 20
42 15
16 12
16 11
32 41
9 29
30 6
19 28
44 33
3 8
14 43
7 12
1 24
37 46
0 13
18 46
35 12
16 30
25 32
41 36
27 4
44 10
10 16
17 8
29 21
42 43
43 28
34 44
5 24
44 31
38 41
30 26
6 46
35 10
11 30
0 17
34 44
6 23
40 24
10 22
45 31
18 41
12 5
39 43
8 15
27 46
9 11
4 41
10 40
5 21
2 5
17 15
28 24
38 21
1 28
22 46
12 19
40 25
3 11
21 12
5 2
11 40
39 42
35 2
14 19
3 16
3 20
31 44
1 32
24 29
7 23
21 27
43 46
9 33
46 21
39 27
12 32
19 7
46 1
0 18
30 16
21 29
26 6
6 27
17 30
36 24
33 36
30 29
14 40
41 13
14 33
20 5
45 39
12 44
19 12
16 2
7 37
32 33
22 17
40 39
0 8
17 33
44 26
41 11
19 36
3 13
22 23
18 46
42 10
44 14
1 13
43 9
29 28
21 5
24 40
44 24
1 40
37 24
20 31
14 18
46 18
10 1
41 29
0 15
18 44
30 19
10 26
7 40
33 8
24 10
1 21
13 29
41 3
32 40
35 0
37 34
18 1
35 38
9 15
7 27
12 37
25 2
42 33
21 7
41 45
17 21
45 9
3 18
13 36
11 27
36 2
40 33
29 8
24 38
23 31
44 35
0 22
37 42
34 37
28 35
45 3
13 34
32 31
0 43
27 15
24 20
1 6
28 26
23 30
36 46
19 37
21 35
11 9
5 40
16 40
17 45
6 4
31 38
30 31
13 10
26 16
10 27
1 17
32 24
1 22
23 46
38 23
13 28
11 18
0 7
38 44
5 23
27 36
40 11
0 6
0 26
22 10
32 23
7 18
26 34
40 28
12 10
31 25
38 42
23 39
2 14
36 34
16 23
10 27
2 16
7 18
17 40
20 3
37 26
37 9
33 2
19 17
7 10
39 30
28 41
23 43
28 39
13 31
28 19
12 24
26 46
21 23
18 41
5 8
46 43
17 33
24 15
29 10
4 21
19 33
42 21
29 2
14 21
33 21
20 25
45 46
3 19
1 21
40 7
8 39
29 25
4 32
19 34
43 23
8 15
35 3
37 18
6 30
18 4
38 22
29 17
25 1
18 46
41 4
7 34
12 11
17 45
9 4
20 33
13 14
21 42
30 18
27 39
37 46
23 7
0 5
24 26
6 22
4 1
26 38
14 18
2 31
16 12
36 15
24 28
29 45
2 13
43 30
5 12
8 7
19 8
12 44
13 19
19 18
46 24
9 13
42 37
44 37
28 12
5 19
35 30
22 27
5 11
17 39
19 36
26 31
33 40
29 31
37 28
9 46
20 30
15 44
21 44
9 26
28 8
40 11
30 46
16 14
11 12
6 30
2 11
40 14
4 23
46 41
30 34
19 4
43 35
27 17
11 36
23 39
23 42
30 6
42 25
46 6
38 5
15 40
43 34
7 0
10 32
21 20
45 19
3 42
7 30
38 18
45 40
37 22
36 20
7 10
45 7
16 36
38 10
29 34
44 16
14 34
1 35
7 26
7 36
21 41
19 38
38 43
32 28
18 0
1 26
10 26
33 5
15 24
15 24
38 12
40 5
25 20
40 11
25 26
0 25
20 19
17 12
16 28
19 13
28 0
18 38
26 4
22 41
8 37
44 46
28 37
30 7
37 23
18 15
28 19
41 2
17 37
40 12
18 38
5 25
38 23
16 17
7 38
38 15
7 35
40 14
5 23
21 25
19 15
6 17
35 34
13 25
6 26
22 45
10 0
36 33
42 33
40 12
24 34
19 38
27 34
43 29
34 43
7 32
12 40
2 0
27 42
5 13
0 27
11 10
28 26
43 2
38 37
15 41
24 34
33 31
0 8
13 14
5 0
46 17
19 28
43 25
23 1
38 23
8 28
33 15
8 17
25 45
32 20
2 46
6 33
25 14
25 39
45 4
18 41
23 46
38 2
1 18
40 3
26 22
36 41
9 23
12 13
22 23
33 3
22 39
36 1
33 40
19 10
45 37
5 21
15 22
23 16
40 43
19 46
44 34
19 32
11 10
45 12
34 11
15 35
29 30
36 15
23 35
5 0
25 10
22 41
32 24
36 4
46 9
29 43
43 2
7 33
38 6
45 25
17 13
14 25
22 29
41 46
43 25
25 22
35 0
42 46
4 31
29 3
40 12
0 16
40 7
2 31
39 27
36 35
19 29
14 42
11 34
20 34
12 45
9 26
25 30
4 29
14 12
32 34
24 11
29 43
19 10
28 37
37 43
5 10
25 45
31 15
11 4
2 28
11 28
6 20
11 35
14 23
0 27
27 11
9 23
9 45
30 0
36 26
31 25
30 29
35 46
19 18
1 21
46 39
28 32
12 39
20 26
41 20
6 21
11 41
24 20
40 33
20 8
39 30
33 22
38 21
21 10
39 23
31 17
41 38
2 6
30 2
12 4
1 44
25 12
39 28
33 32
15 32
40 33
16 5
8 33
5 9
44 11
7 40
5 46
43 37
8 24
2 12
25 0
17 38
39 45
3 39
35 22
4 30
27 39
17 32
1 40
8 12
0 27
43 46
2 33
34 26
36 46
5 15
16 22
33 41
4 36
12 18
37 17
28 17
9 45
28 36
17 15
1 17
42 23
43 45
9 30
3 45
29 8
39 25
9 25
45 39
40 36
11 30
32 39
26 41
16 7
9 33
1 36
3 23
12 25
0 22
8 3
46 17
38 39
21 26
17 19
19 11
8 30
20 41
22 0
14 38
33 24
3 35
39 6
37 5
32 37
27 19
19 5
15 10
44 36
37 41
34 9
31 22
39 4
16 40
4 9
10 38
12 13
5 45
42 10
9 11
16 29
30 21
44 41
45 13
10 39
0 19
23 22
37 6
17 9
37 6
19 28
18 11
12 2
9 33
38 19
44 7
27 8
3 0
6 42
10 24
43 8
0 18
24 32
15 12
22 21
10 29
39 21
41 21
10 27
12 8
3 46
35 31
7 17
10 13
13 0
37 9
8 16
6 12
27 0
24 3
21 35
32 40
35 6
14 45
33 5
6 37
4 41
0 11
38 36
3 4
36 19
39 24
35 24
36 16
25 13
45 25
27 30
18 16
36 11
14 2
17 21
18 21
41 18
12 11
33 15
15 23
14 33
0 28
11 36
23 15
28 21
19 35
31 38
4 20
28 44
1 24
44 19
25 39
16 37
29 3
31 45
26 45
10 5
27 0
20 3
41 1
4 14
15 35
5 19
8 12
43 36
37 40
8 15
11 4
31 41
7 41
18 12
40 28
17 46
8 16
28 2
17 32
16 12
20 0
31 8
13 6
23 29
0 31
23 37
14 7
10 21
1 28
12 20
36 8
45 44
24 6
46 21
17 42
33 38
42 43
25 34
3 1
16 29
11 39
45 26
