22
12 7
5 11
10 8
2 20
13 5
11 15
8 14
11 8
14 7
3 10
3 2
17 3
12 1
19 15
4 11
11 16
18 16
5 4
2 5
0 15
10 12
6 17
4 15
3 16
1 5
5 4
5 20
5 17
21 2
10 3
12 21
19 6
13 0
9 15
3 9
7 14
19 11
7 0
5 8
16 6
13 19
8 18
18 13
11 17
14 19
21 2
16 6
7 15
15 21
18 3
4 8
20 15
15 20
20 0
13 2
11 10
8 6
6 20
17 2
12 13
21 12
5 13
18 13
4 12
10 1
13 14
7 11
5 21
10 4
21 1
4 10
9 11
14 16
9 10
16 19
21 15
9 4
4 5
15 9
15 3
8 6
15 18
21 12
4 1
11 3
3 20
12 14
12 6
1 20
20 18
17 13
5 0
16 9
15 1
2 17
9 7
8 0
1 5
13 5
6 0
6 8
20 16
0 9
21 0
7 19
18 3
9 0
1 3
9 14
4 9
7 11
14 16
11 15
21 0
18 4
1 2
12 19
17 12
6 16
10 12
13 5
13 0
5 14
1 12
4 3
21 12
12 14
6 0
5 3
0 2
7 21
2 19
19 8
1 13
18 13
3 21
2 1
4 14
1 16
19 4
14 9
17 4
13 17
9 16
15 11
0 15
12 19
10 9
3 11
21 20
1 2
19 3
1 2
18 2
16 13
5 8
0 12
11 15
20 3
6 7
3 19
19 21
7 5
2 17
4 0
18 4
20 19
3 20
15 6
14 4
