24
15 17
0 16
4 1
16 1
3 4
11 0
19 11
2 13
15 22
22 20
7 8
19 20
18 19
10 9
3 8
3 11
17 3
3 21
5 19
22 0
15 10
16 2
13 18
16 21
8 6
9 16
6 21
4 16
16 14
17 11
14 20
22 8
16 2
5 13
13 20
13 5
22 21
7 3
15 0
0 13
2 8
19 23
12 7
19 5
18 9
18 9
9 10
3 7
23 16
3 4
13 1
1 21
20 8
4 13
0 18
15 8
5 6
13 9
13 8
7 23
9 1
8 19
3 2
18 20
21 14
9 14
7 22
10 15
3 23
16 21
6 16
2 12
5 4
1 5
11 1
7 12
1 18
7 5
12 1
17 9
15 18
23 14
17 1
5 20
17 13
9 23
6 3
12 3
7 13
1 18
6 8
22 8
2 5
5 14
22 15
5 16
6 19
1 7
17 21
0 6
22 0
4 18
12 8
1 17
1 12
0 9
2 0
3 0
5 9
22 19
0 20
3 6
7 5
13 0
18 6
23 17
6 3
3 10
3 20
3 4
8 19
5 3
11 8
3 8
9 17
3 9
13 7
15 21
12 21
13 6
3 12
15 1
8 18
3 11
15 22
8 15
18 5
18 21
6 13
6 15
7 1
1 12
8 9
12 5
15 11
0 3
18 1
11 13
20 15
20 19
15 3
13 20
14 10
2 3
8 18
2 10
11 15
10 19
16 15
17 7
2 17
3 20
11 6
1 7
21 13
2 4
9 7
1 23
10 19
18 5
21 20
16 4
7 4
20 22
21 20
16 14
23 12
17 21
6 1
11 3
15 20
3 8
19 13
4 14
23 1
3 20
10 7
19 14
19 17
11 7
9 17
22 13
11 20
11 4
7 23
23 22
19 2
23 7
7 19
13 7
20 8
19 6
7 14
12 2
7 15
2 8
1 0
13 4
12 17
8 19
8 7
10 19
2 9
2 9
4 7
8 16
15 3
15 22
17 3
17 16
11 16
12 11
22 16
0 15
0 11
23 21
10 17
22 13
3 18
12 3
11 4
7 2
18 16
21 3
1 8
14 17
20 2
7 12
18 14
4 5
5 4
19 16
21 17
21 16
12 9
12 15
5 19
17 0
3 14
19 4
23 10
14 11
4 13
0 14
4 20
11 9
16 6
1 6
16 22
22 20
8 10
11 5
21 20
21 17
10 17
13 1
19 5
23 9
21 13
13 17
16 14
10 23
16 7
6 3
6 9
14 12
6 10
9 15
12 18
5 6
13 0
11 12
1 8
17 6
17 10
21 3
1 5
11 8
11 18
3 18
19 17
22 17
19 7
9 23
2 6
21 15
6 8
20 0
8 5
6 2
15 3
21 8
8 1
8 12
19 11
6 14
20 4
7 3
8 7
21 14
4 5
13 5
17 13
5 22
19 7
6 15
21 14
15 22
23 3
9 2
9 15
23 5
22 6
1 23
5 14
13 10
19 2
7 4
15 12
3 12
1 18
9 15
9 23
6 13
8 1
14 23
0 12
13 6
5 12
4 19
2 14
7 20
13 11
12 1
6 7
5 7
17 14
15 2
13 7
13 14
14 12
6 18
2 5
23 6
9 10
8 15
9 5
4 21
9 21
19 8
3 19
1 9
10 19
15 3
4 6
9 12
3 17
18 9
2 4
10 17
14 7
13 3
8 11
14 16
6 9
17 15
19 12
6 11
7 3
9 16
4 13
11 7
23 5
16 17
2 18
11 16
1 16
11 1
19 1
17 1
11 2
17 22
7 15
1 14
10 23
14 0
2 21
15 8
6 8
2 16
19 18
10 4
5 11
23 22
21 1
9 23
