44
18 27
16 14
3 6
37 8
5 2
43 35
21 16
43 13
12 23
33 15
4 28
21 4
8 43
43 30
13 33
16 31
17 32
2 40
39 15
4 0
17 23
36 14
15 11
27 28
11 36
19 15
21 40
40 5
40 39
11 9
29 27
17 22
16 19
38 31
34 43
31 27
42 43
41 14
31 0
42 12
17 33
33 13
29 14
29 25
25 15
30 9
32 28
1 7
22 32
17 41
39 20
40 15
17 10
2 17
8 0
29 1
33 39
34 39
29 20
20 11
35 26
20 23
10 41
6 8
5 43
6 0
19 2
35 12
12 37
5 40
13 10
17 3
25 7
42 11
3 38
22 38
40 18
37 6
15 19
34 40
38 40
40 33
18 32
1 6
1 26
2 15
37 39
38 3
36 5
6 3
21 2
21 34
28 12
30 18
8 0
35 25
34 9
33 11
16 34
14 38
5 27
34 19
21 13
11 27
39 37
30 36
15 28
27 43
16 33
38 1
33 29
2 43
14 35
31 6
1 21
27 28
31 2
5 0
34 8
39 3
15 32
19 35
38 35
24 32
12 33
37 34
33 28
1 40
34 3
41 31
6 25
18 28
6 38
18 15
10 42
30 18
17 5
29 11
16 29
0 5
18 13
39 27
41 17
23 8
20 40
15 2
21 34
30 28
4 25
19 14
23 25
8 40
30 37
27 22
22 3
3 17
17 43
0 34
16 0
42 12
40 34
34 38
24 20
42 4
1 17
39 0
42 3
40 4
17 0
26 39
3 6
32 20
5 9
11 41
9 29
29 25
19 39
17 0
17 10
39 17
28 42
34 32
15 34
35 31
37 41
19 34
22 28
21 39
13 26
24 39
22 43
34 17
14 28
17 7
38 12
1 43
31 11
31 22
1 42
29 14
15 5
24 37
9 1
32 23
4 12
38 26
31 28
43 2
32 17
29 3
5 30
2 12
41 33
35 18
8 20
9 23
1 33
17 31
11 25
10 15
14 24
17 21
28 36
23 17
9 29
20 35
15 22
3 33
31 14
7 15
11 16
39 12
26 32
43 37
33 29
28 3
29 21
25 14
13 24
7 43
9 3
34 1
1 13
34 32
28 41
4 15
34 19
27 16
7 3
29 40
8 13
20 14
34 1
4 3
1 11
22 31
14 12
32 15
2 22
23 30
39 3
21 29
22 4
21 5
27 6
22 12
39 42
26 5
19 30
29 20
17 7
27 7
20 15
22 13
21 28
9 1
5 14
23 29
36 5
33 42
3 21
38 1
3 43
40 9
28 36
26 12
20 9
32 35
31 30
25 28
34 29
15 4
29 20
16 10
9 15
13 6
29 14
9 4
30 38
9 22
40 21
18 5
29 10
12 35
11 17
25 1
2 16
25 7
36 42
17 22
33 30
28 18
20 14
42 6
28 7
5 25
4 23
6 33
9 39
24 20
12 25
21 14
17 23
22 10
41 39
8 30
2 36
24 22
6 42
29 11
6 10
36 10
33 18
20 43
13 20
19 25
2 17
40 19
40 38
5 37
9 13
43 11
26 43
10 8
41 15
19 23
25 11
34 14
6 30
13 19
6 33
1 28
26 17
24 22
31 5
35 16
19 10
28 1
9 14
9 6
29 30
10 16
40 24
42 2
14 18
8 23
39 13
5 32
37 3
39 42
38 11
37 24
15 14
33 29
0 15
14 29
21 0
21 17
1 20
19 15
14 4
14 29
37 39
17 30
42 32
4 12
43 18
36 35
32 1
20 32
16 11
37 38
11 35
31 12
31 27
3 1
31 37
30 24
32 23
30 11
10 18
30 28
30 21
37 31
42 25
4 29
39 42
40 30
29 37
12 32
38 19
26 0
19 34
43 5
41 30
36 15
16 20
2 14
13 33
32 15
13 17
30 11
33 36
17 18
29 5
27 43
25 29
43 0
19 18
26 16
4 18
8 40
38 30
10 28
39 18
19 9
35 25
40 25
17 13
19 22
19 22
21 0
7 20
20 3
14 2
39 18
20 3
34 35
9 1
39 5
19 34
14 31
15 10
32 8
24 27
30 19
6 7
39 33
3 15
36 17
38 8
11 34
11 1
1 41
22 16
2 18
6 16
25 41
26 13
25 26
16 11
21 22
38 16
12 17
8 24
34 22
32 21
32 20
43 34
17 41
6 19
35 33
11 16
6 37
5 32
40 22
43 37
20 14
30 32
31 38
33 42
36 21
19 24
41 38
14 34
36 41
9 3
6 20
20 12
34 1
0 6
43 20
43 20
34 29
28 21
43 17
19 35
15 36
32 9
26 23
21 43
8 1
5 29
21 18
39 42
18 21
42 38
20 38
4 26
42 26
1 16
21 13
7 36
5 39
22 7
18 19
7 27
20 12
32 17
30 3
36 25
24 34
39 20
4 0
2 26
24 38
23 37
1 16
18 41
14 25
15 33
32 18
30 21
26 23
7 29
15 8
9 5
4 6
29 4
28 32
6 8
26 29
21 4
1 39
1 35
41 36
1 5
31 26
13 10
10 19
26 18
4 7
22 10
13 26
39 1
32 3
3 38
1 27
15 40
28 7
13 21
8 19
28 15
21 41
25 31
16 27
6 21
11 28
7 24
31 2
1 39
26 4
33 27
32 5
43 36
32 13
33 40
8 17
11 29
15 12
37 7
40 43
4 7
3 12
7 34
14 8
30 16
12 39
43 20
20 43
33 8
32 22
4 16
16 35
21 7
4 14
14 20
13 39
3 37
7 10
27 41
18 33
14 6
5 33
3 25
8 12
34 16
34 14
32 6
6 10
13 30
0 4
26 14
19 5
27 26
15 10
43 9
20 33
35 25
43 14
6 7
26 16
24 37
31 32
43 13
42 33
19 43
13 1
33 32
6 16
34 41
2 9
26 42
19 17
23 18
32 6
25 34
22 25
27 29
14 3
42 32
12 17
7 25
38 16
