25
18 10
20 16
2 16
5 10
10 18
6 24
15 16
13 19
18 5
13 10
10 9
1 17
17 0
4 6
4 11
13 23
23 9
14 0
0 21
10 14
16 10
6 9
0 1
3 6
16 15
18 2
18 10
20 19
16 1
23 4
16 21
3 0
13 5
2 9
16 13
1 9
0 9
19 0
10 24
8 3
16 3
6 10
13 3
4 6
4 9
22 1
14 0
16 19
2 0
10 17
1 22
17 11
18 20
23 19
5 4
10 9
12 20
22 15
1 4
23 6
13 20
9 4
22 0
23 0
2 11
17 6
8 10
19 1
7 17
22 12
23 7
23 10
3 21
2 6
2 0
12 15
23 19
20 23
19 20
3 5
15 9
13 2
3 16
9 22
13 23
21 23
22 8
3 20
11 9
22 13
22 14
13 22
10 9
23 4
6 1
10 21
10 0
0 13
19 9
10 9
10 8
7 17
10 4
5 22
1 18
19 17
7 18
2 18
16 8
1 17
20 0
4 21
0 19
17 10
5 1
22 15
11 4
7 21
10 12
18 11
8 14
5 17
10 7
10 1
15 13
21 13
13 0
9 14
20 3
1 2
4 0
17 15
4 2
14 16
16 9
2 24
1 7
16 11
16 3
14 8
19 10
21 7
13 7
23 8
10 1
12 15
1 6
7 8
23 0
8 2
1 11
11 20
24 4
0 13
13 19
1 11
4 14
19 2
24 6
6 11
23 9
19 6
19 3
6 19
5 16
24 8
2 10
3 17
6 17
5 0
20 18
6 9
12 11
10 19
17 23
17 3
17 0
22 7
19 2
0 18
13 3
5 18
6 22
24 0
2 22
21 8
8 10
19 18
6 13
18 1
17 11
3 16
8 12
10 13
13 3
1 18
9 19
1 6
21 2
11 23
1 9
8 10
19 3
3 18
22 4
10 7
4 18
20 14
8 10
20 11
3 4
8 4
12 4
8 0
4 10
9 12
20 6
17 0
9 11
24 15
23 9
24 2
5 21
17 13
6 14
2 9
20 10
16 7
14 1
8 20
11 19
7 8
0 2
11 13
10 1
11 20
1 16
2 22
10 15
4 24
17 15
19 4
6 1
20 8
11 15
21 6
0 7
8 2
18 20
15 3
21 3
0 24
19 2
22 4
20 3
3 14
18 24
19 2
3 14
12 14
5 10
22 7
17 8
9 10
3 1
16 1
4 18
1 21
23 7
18 1
13 7
21 12
1 23
15 18
12 7
0 23
6 7
17 14
16 5
19 21
21 23
14 22
1 12
22 9
5 0
22 13
23 11
16 24
4 11
11 13
11 19
20 4
9 13
9 5
7 1
8 23
0 11
11 24
20 18
1 19
8 0
6 2
24 10
13 12
23 2
24 17
24 3
3 15
12 9
24 21
12 7
19 15
19 5
14 16
1 16
11 9
18 19
11 17
6 0
4 6
4 5
0 3
8 6
18 22
17 20
18 4
2 15
21 23
20 11
15 23
4 3
8 22
24 19
16 7
21 22
13 0
3 13
6 11
21 1
11 13
21 6
20 24
21 16
24 19
2 16
17 8
21 0
5 20
22 23
2 18
21 17
19 24
8 0
12 4
1 0
18 0
7 13
24 5
6 0
1 9
17 19
19 13
21 0
11 20
0 15
14 21
8 22
18 10
10 22
13 10
17 13
19 7
14 0
14 15
3 0
9 22
19 24
21 10
16 22
1 5
18 11
15 16
4 2
3 1
16 15
21 6
10 3
21 12
19 13
15 19
24 15
14 23
13 10
9 6
9 12
14 3
23 4
21 2
9 24
5 2
16 3
8 1
7 6
15 3
21 6
23 20
23 14
19 11
1 5
17 11
17 6
16 17
13 14
19 24
15 1
1 6
5 11
8 14
20 23
17 16
6 17
14 4
6 10
17 10
15 10
21 9
18 14
1 8
3 22
7 18
0 8
1 5
22 9
21 17
10 14
8 18
8 24
23 17
9 17
2 1
4 0
10 23
14 13
8 19
12 16
12 13
1 13
18 23
0 17
15 12
6 1
5 16
2 5
8 12
23 10
13 2
10 1
2 24
16 11
18 4
4 7
19 5
23 14
6 0
6 23
12 1
19 6
4 0
14 16
23 0
6 2
12 9
5 14
3 18
7 9
22 17
3 4
17 10
17 24
11 6
13 12
0 19
16 2
9 0
11 18
5 23
4 10
12 7
5 22
18 2
14 21
6 8
14 19
2 15
5 8
3 19
10 0
13 11
24 15
22 17
20 24
7 8
6 12
7 0
16 23
23 0
6 14
19 8
4 1
18 10
22 3
10 16
23 10
7 20
4 2
17 3
10 0
12 24
9 14
16 7
12 16
13 2
12 23
8 15
16 18
12 20
5 0
13 3
12 20
0 16
0 18
22 12
20 9
11 5
0 4
12 22
3 16
9 3
0 24
22 20
14 19
3 14
7 8
1 3
9 19
3 4
16 17
24 2
3 4
2 8
