37
23 34
22 11
35 16
2 3
26 4
17 16
36 31
8 28
7 31
5 35
29 31
29 5
35 20
23 34
3 17
26 29
27 1
27 21
3 8
11 22
25 5
36 20
13 27
27 22
32 3
14 5
11 20
18 9
21 31
12 16
35 16
8 3
32 13
25 13
21 14
35 9
19 13
7 32
3 35
17 14
16 10
34 27
30 15
14 9
4 30
23 21
16 26
31 29
14 8
13 28
21 0
10 34
8 20
16 21
16 30
0 26
5 6
19 35
35 11
23 3
19 9
2 35
35 33
5 13
4 18
4 26
33 30
1 4
13 17
3 7
10 19
33 30
3 30
29 1
4 15
19 1
24 21
36 22
33 19
13 15
15 18
19 12
26 21
31 17
1 35
25 27
32 21
20 35
30 12
36 12
5 19
14 29
18 28
30 14
11 6
30 26
24 12
1 28
33 11
9 35
9 12
3 4
11 23
17 4
14 16
17 19
13 31
12 32
22 5
24 33
11 17
23 14
8 2
20 19
13 29
32 0
4 35
4 16
22 21
20 36
16 15
33 29
9 8
2 10
28 27
6 18
22 7
10 8
10 30
28 23
1 23
2 5
22 21
36 22
21 35
36 0
13 32
7 1
19 25
11 25
30 17
6 15
3 31
2 13
3 30
14 4
31 16
24 31
1 2
16 22
0 30
0 28
4 22
29 1
10 18
26 3
14 11
34 17
5 36
8 23
29 22
27 23
17 15
33 17
12 33
32 21
33 23
25 18
31 26
7 12
30 10
26 4
7 21
25 21
29 11
13 15
17 15
10 32
11 6
27 1
17 0
0 28
23 3
9 32
7 31
23 1
5 27
20 27
12 23
12 4
13 3
34 30
33 22
3 22
28 30
2 23
30 2
14 31
21 2
5 28
33 28
29 16
33 28
7 8
14 34
28 27
15 25
35 27
11 1
27 17
9 29
4 2
10 33
12 31
35 32
22 32
23 30
11 34
36 33
6 28
8 34
19 2
0 17
29 26
34 19
22 6
27 4
24 15
0 36
9 36
9 10
17 20
7 16
32 13
8 18
25 5
20 26
0 27
30 34
25 15
4 15
19 28
8 20
5 17
19 14
4 6
24 22
4 31
16 36
23 24
18 11
7 16
15 8
7 9
20 32
24 25
7 30
33 5
35 28
2 27
32 8
29 32
12 2
12 27
25 14
23 14
0 2
8 23
24 17
6 34
19 9
22 4
2 33
24 16
2 26
21 13
34 14
8 25
16 35
15 19
13 1
11 13
3 19
36 6
14 20
3 12
29 4
31 10
0 19
26 18
8 25
31 21
2 9
33 1
2 15
29 3
27 20
21 24
34 27
2 17
31 29
25 35
23 35
13 5
2 31
29 27
25 13
8 6
0 4
22 2
35 14
5 3
12 4
27 9
32 7
4 36
29 17
1 5
8 6
7 18
35 13
6 26
21 27
26 3
12 28
1 4
11 19
16 25
25 26
32 8
8 10
15 3
11 21
11 32
6 29
9 19
14 35
18 19
25 22
32 31
1 36
21 16
15 9
19 5
27 7
21 30
33 5
19 7
11 27
16 9
4 14
27 23
17 27
33 12
7 11
11 28
5 26
15 2
8 12
8 13
35 29
6 9
12 3
16 1
30 32
25 12
10 31
14 5
21 10
32 28
21 6
34 26
32 27
29 18
18 15
31 22
15 3
34 19
20 13
27 15
2 3
3 33
32 9
32 5
4 2
5 26
14 9
21 5
16 18
1 31
27 32
31 6
35 28
3 33
20 8
12 0
26 30
11 21
17 6
5 22
23 25
11 1
34 10
21 29
6 22
1 34
32 33
18 30
2 21
27 22
29 17
22 34
10 11
18 28
18 23
28 19
26 17
20 24
5 19
31 12
19 32
9 14
28 27
8 31
26 13
31 33
30 32
30 18
6 27
24 2
13 15
22 18
32 20
20 1
3 14
28 22
9 15
0 16
5 23
10 9
36 19
5 7
14 25
21 4
13 23
32 6
8 13
2 7
33 18
25 10
24 10
35 2
25 14
22 26
2 31
3 36
14 10
14 28
36 35
32 27
36 28
33 23
19 13
30 16
31 18
4 33
6 17
35 10
9 20
36 26
14 3
26 29
28 3
35 27
16 31
17 15
0 29
1 34
5 9
28 15
27 33
11 12
28 10
22 1
30 36
27 23
17 16
30 9
34 28
14 13
0 10
29 15
2 8
13 22
18 19
0 23
30 12
35 22
22 35
23 30
35 28
31 30
8 24
17 5
31 10
34 9
35 4
3 15
12 16
0 8
13 1
32 7
13 30
29 13
29 15
6 5
6 16
13 29
18 9
13 27
19 25
0 17
29 3
32 19
34 32
28 10
33 23
17 24
31 9
0 23
2 22
6 24
1 35
31 34
7 22
25 26
10 25
21 2
6 31
22 18
26 28
28 1
14 24
3 8
11 4
10 29
4 31
16 20
29 25
17 14
11 5
18 21
8 2
2 14
33 24
32 1
30 2
17 7
26 20
30 15
2 18
7 6
28 1
26 20
27 7
13 1
27 31
0 36
34 2
28 8
4 2
24 34
19 4
4 8
3 13
1 5
9 12
0 10
1 21
0 23
34 16
14 6
17 28
3 34
19 27
2 36
14 36
18 34
19 4
0 10
6 5
19 15
32 20
3 12
19 13
31 35
27 0
30 33
19 28
16 9
30 1
7 12
13 26
16 13
36 0
34 19
30 7
2 34
19 21
16 33
15 29
1 30
23 35
12 14
29 36
22 1
29 12
14 34
7 6
11 7
18 30
1 25
10 13
8 9
29 19
2 21
35 33
22 33
8 14
3 23
36 4
24 7
31 16
19 1
22 30
24 3
24 3
7 12
16 30
0 8
12 2
7 10
13 30
22 0
7 3
23 22
7 25
7 2
4 26
18 5
19 5
23 21
8 30
34 2
23 34
10 13
14 33
2 28
26 24
6 11
27 29
11 13
17 18
30 36
7 11
4 27
17 6
11 3
36 23
6 1
20 31
14 13
27 16
19 31
18 25
21 24
32 0
27 14
8 26
36 19
9 26
14 15
16 18
14 2
2 15
1 33
8 14
2 24
11 21
14 10
8 9
6 23
36 35
31 3
34 28
12 2
6 5
18 2
20 35
4 13
36 15
36 28
32 2
2 22
23 31
32 9
3 1
10 17
14 19
21 27
10 11
29 31
17 10
33 15
23 15
6 23
9 6
29 4
23 10
4 9
4 0
33 8
16 6
3 31
3 2
21 13
14 28
23 9
16 19
2 13
8 25
22 29
33 4
15 6
9 2
10 24
13 33
3 34
0 12
0 17
11 29
31 2
15 18
18 34
20 21
25 29
24 10
36 35
30 4
17 32
30 4
24 4
22 21
19 35
22 0
24 14
9 27
7 28
23 4
11 22
8 18
25 33
18 23
26 11
6 21
14 25
8 33
11 30
16 24
15 31
11 7
3 1
14 9
3 33
21 25
4 2
13 1
35 15
5 9
36 27
31 13
15 2
9 26
10 3
13 3
34 25
10 16
4 2
25 7
14 24
11 33
27 2
12 25
17 18
13 16
8 7
7 23
24 32
28 35
35 4
1 11
7 27
5 12
7 30
34 21
33 8
18 23
11 30
26 6
26 17
1 12
2 8
36 27
18 5
3 17
9 19
6 17
9 11
7 32
19 4
16 15
28 12
1 2
21 6
23 10
1 24
23 4
11 0
31 29
5 12
24 29
31 30
9 19
4 31
29 24
36 8
2 5
21 19
22 5
3 8
30 4
11 16
8 0
31 17
29 36
7 32
29 17
25 16
14 8
11 6
10 25
14 12
30 13
9 15
33 27
1 27
32 12
21 18
12 16
14 20
30 36
15 22
16 18
17 30
26 28
14 31
7 27
24 20
14 17
32 5
33 22
15 24
21 11
14 0
3 12
31 3
27 31
34 24
11 6
28 2
20 6
11 27
11 13
26 3
8 21
8 5
21 1
29 5
28 6
21 31
19 30
12 24
24 10
26 36
16 18
16 36
2 28
5 28
19 31
31 28
30 18
33 14
19 3
34 25
24 33
35 21
26 10
24 14
20 13
28 14
9 7
29 26
13 34
17 33
6 12
24 36
30 35
28 27
1 3
31 25
0 29
10 26
2 12
3 1
25 9
30 13
17 22
2 8
19 20
19 25
32 21
2 3
19 30
8 20
12 2
24 12
31 12
1 12
24 20
13 27
29 6
3 24
7 6
11 26
4 30
30 14
15 32
17 12
4 25
33 16
6 35
6 0
25 7
12 27
5 3
17 13
25 36
15 32
20 26
36 24
35 29
16 13
3 33
25 7
36 1
5 12
7 21
0 29
33 5
13 0
23 4
3 0
19 35
20 9
34 22
7 5
1 35
8 12
1 30
26 16
9 10
28 16
31 7
23 27
12 14
5 13
18 8
28 1
