44
12 29
42 13
0 36
31 24
32 19
3 16
8 19
9 18
9 24
0 22
38 23
14 42
12 4
43 36
33 1
8 21
6 27
11 26
39 42
7 3
38 10
19 2
5 4
40 14
5 17
36 43
40 27
17 28
31 16
20 40
37 4
37 0
31 4
26 3
23 9
6 17
40 2
39 1
6 35
36 31
8 4
6 24
7 23
8 38
15 28
10 9
9 4
9 16
28 11
19 7
41 26
0 13
28 39
34 10
7 2
18 35
7 0
16 14
24 0
29 39
5 15
24 14
39 9
30 24
21 26
7 38
28 8
7 12
23 17
42 30
20 36
22 27
37 14
17 37
14 22
32 19
38 33
9 33
42 40
13 39
42 41
33 26
5 16
14 28
34 32
35 10
25 13
13 18
3 30
11 17
9 19
13 23
8 22
12 7
38 2
2 36
43 12
18 4
4 8
8 38
41 43
24 22
32 37
16 35
0 3
29 22
42 8
7 20
20 34
35 22
12 27
21 24
22 1
29 30
30 43
3 29
24 1
38 37
17 5
37 20
34 22
19 8
30 26
5 27
36 40
5 4
23 3
29 21
4 34
28 34
9 31
40 33
33 10
3 6
15 40
3 26
39 22
34 1
24 15
28 16
11 34
20 11
13 25
32 17
35 36
28 1
24 0
10 13
10 13
39 1
30 18
27 1
16 38
2 40
9 31
32 21
41 29
8 10
30 16
3 22
9 7
43 33
7 9
22 37
43 37
39 5
12 42
26 28
36 28
1 22
35 33
19 32
38 27
18 25
43 22
3 8
29 2
17 13
31 15
6 9
1 31
41 0
13 1
12 18
2 34
9 12
9 18
6 12
36 31
32 34
10 16
40 32
34 9
40 25
15 22
34 37
10 31
13 43
33 1
17 11
36 3
23 21
21 6
10 33
37 42
0 4
14 40
12 24
5 8
6 40
31 16
9 41
4 22
16 13
24 10
0 36
13 0
33 10
6 43
19 43
41 19
23 32
15 36
12 40
0 38
13 7
11 22
24 35
1 41
4 1
7 24
37 20
24 2
6 30
2 25
6 19
1 29
27 36
41 40
9 18
10 22
25 21
0 6
12 1
3 36
22 30
17 35
6 41
38 32
4 16
13 10
11 34
15 39
27 13
11 12
7 21
34 32
43 34
38 11
12 17
4 34
3 21
26 29
38 20
17 18
12 7
28 23
41 20
18 0
9 29
12 16
27 2
24 26
13 39
13 25
12 17
35 36
14 17
41 29
13 35
3 25
42 8
25 15
4 43
36 13
5 24
5 8
3 29
34 16
24 3
17 13
41 8
25 11
26 22
16 15
33 20
17 7
4 42
23 8
17 35
41 42
15 2
26 18
31 16
10 32
40 27
21 37
36 2
24 38
0 41
29 34
37 2
41 17
20 40
1 14
31 42
32 3
0 15
41 7
7 8
39 3
35 16
16 3
38 17
41 39
34 3
29 3
5 26
20 2
23 21
36 30
19 24
9 39
15 7
2 23
35 18
2 26
34 19
6 5
36 23
0 26
26 29
5 8
31 25
10 30
22 37
41 22
2 36
38 9
14 17
0 32
19 3
43 14
29 4
26 8
4 28
35 9
33 43
16 14
29 23
36 27
16 9
5 18
21 43
4 12
36 24
0 32
27 19
2 12
23 29
41 3
13 32
32 23
7 25
37 12
4 6
39 40
35 20
14 33
20 18
1 32
43 1
20 2
41 23
35 40
28 32
0 17
40 8
40 23
9 10
35 13
36 6
9 27
26 0
16 22
38 17
11 13
39 7
16 36
30 27
32 14
15 8
8 11
37 4
34 2
14 1
36 6
27 21
10 29
21 26
28 36
20 15
5 35
22 21
27 9
24 35
43 39
20 7
26 13
32 36
35 22
13 3
29 40
25 15
2 22
17 30
14 37
1 20
4 23
17 7
8 42
43 8
13 39
35 16
28 43
8 19
22 42
43 27
14 24
42 16
22 15
2 37
29 3
33 3
6 41
11 24
16 39
14 11
7 30
39 6
14 34
28 12
33 11
3 33
29 19
12 1
22 5
30 1
14 39
24 40
36 21
8 7
11 39
14 41
10 41
31 21
25 0
30 13
3 20
42 32
43 40
13 5
42 3
1 22
43 13
34 40
