32
19 25
31 18
8 28
28 12
18 23
2 27
22 13
12 2
20 26
26 30
2 16
5 13
14 27
21 18
0 12
2 19
5 1
5 13
29 1
25 15
25 28
10 15
9 22
17 29
16 11
28 19
28 1
0 10
29 21
28 29
1 30
16 6
31 21
19 28
23 13
11 16
9 22
31 18
12 16
16 29
27 12
16 23
13 16
1 10
5 29
7 27
23 13
26 13
1 22
4 14
2 20
23 24
19 9
4 3
25 1
30 5
17 22
19 1
23 29
7 21
5 14
16 28
27 11
9 28
1 13
10 3
1 27
20 11
0 23
4 1
22 10
19 12
29 20
3 26
27 24
31 9
9 28
5 20
5 1
21 19
12 25
20 13
20 9
24 20
0 29
22 7
9 2
4 29
6 30
25 30
30 2
7 26
7 27
31 9
17 18
21 10
7 2
30 16
27 19
16 24
9 7
31 18
9 3
15 1
8 14
31 11
21 25
18 17
25 27
2 11
16 12
18 19
10 2
14 29
19 6
6 26
5 24
3 8
8 19
9 16
1 9
27 22
2 14
7 27
9 7
26 21
25 13
0 28
27 29
15 1
4 9
6 28
12 14
4 31
23 21
0 16
23 3
30 8
8 5
2 29
31 15
29 27
10 27
10 11
31 19
17 27
31 0
31 22
21 31
23 5
22 26
4 21
24 12
29 30
14 26
29 24
24 7
19 2
18 21
3 13
20 2
13 19
24 2
19 15
8 9
9 12
30 2
24 27
0 6
22 29
3 14
21 10
1 23
28 19
12 31
0 1
14 20
25 16
7 9
24 16
18 4
15 20
28 10
20 2
0 17
5 14
6 15
15 29
11 2
9 10
3 10
11 17
30 5
1 5
14 26
21 0
30 4
21 27
15 9
29 15
27 3
30 1
18 13
31 30
16 8
8 19
18 20
4 16
25 5
21 7
31 11
7 30
15 28
25 30
6 22
14 1
25 12
2 12
25 1
10 9
10 18
28 6
0 13
31 6
2 6
5 13
14 3
29 10
28 27
16 19
9 17
12 21
20 24
15 21
2 24
31 21
21 28
27 21
9 27
27 11
1 25
15 4
22 26
1 17
10 20
27 28
0 16
16 25
31 5
27 24
5 16
13 1
12 2
10 7
30 21
8 31
14 24
3 4
18 4
22 28
24 17
24 25
1 8
18 1
14 13
25 19
30 6
20 10
8 30
17 6
19 25
5 2
17 9
6 3
13 28
0 6
13 24
31 15
1 17
16 15
30 9
2 28
15 22
6 23
20 23
30 7
17 3
9 2
12 16
6 26
12 6
0 26
30 31
9 31
16 25
14 2
16 11
17 6
17 8
26 9
6 2
26 10
11 28
22 27
2 16
8 16
2 7
15 11
6 31
4 21
14 6
5 25
23 12
10 31
6 19
6 8
13 16
20 10
6 15
12 23
23 21
7 25
28 23
4 2
22 8
23 4
14 29
29 5
9 8
5 15
27 11
24 9
27 12
19 1
27 31
24 19
20 0
12 16
23 17
19 13
25 10
18 8
7 15
13 16
23 18
0 19
29 24
28 24
4 15
26 31
14 18
18 3
18 31
19 9
16 6
23 9
17 9
17 24
24 31
9 16
17 9
3 15
1 31
7 5
14 1
4 28
20 23
31 6
22 19
16 6
25 7
15 10
16 1
3 8
0 12
24 17
21 27
0 22
26 8
27 8
9 31
5 29
22 4
4 12
23 20
18 17
27 2
27 11
3 30
19 3
10 12
20 31
7 21
21 2
29 16
10 6
16 15
4 6
20 8
19 11
28 5
28 23
7 24
2 10
22 21
13 1
1 2
0 9
23 22
11 20
6 21
26 22
5 30
29 25
6 16
4 2
21 1
25 29
25 27
7 15
17 21
16 18
23 17
27 14
7 6
2 13
28 4
1 27
1 26
1 17
30 4
6 31
29 3
24 25
11 8
10 0
24 28
23 9
24 5
16 30
7 30
26 3
2 27
30 3
21 0
20 4
26 19
1 30
12 26
9 20
4 9
12 1
0 22
25 5
6 23
12 4
18 15
6 13
14 9
3 14
29 23
18 24
10 19
22 14
31 10
18 8
23 19
8 13
12 13
19 4
25 24
22 8
30 3
22 8
6 4
5 29
22 29
8 10
19 30
24 18
9 10
26 0
30 2
13 10
15 0
14 8
24 4
17 23
8 7
31 14
12 4
12 2
2 20
12 21
18 4
8 27
15 2
27 13
5 8
23 20
9 6
29 1
10 14
24 18
21 23
1 28
13 4
30 1
16 19
19 21
27 15
4 30
10 17
3 19
8 23
28 14
20 29
25 2
22 11
24 13
12 25
9 25
29 7
26 14
27 14
3 22
29 7
20 7
24 23
26 0
15 22
15 3
20 8
6 10
19 30
23 0
23 1
25 21
8 20
3 2
6 26
31 13
14 6
5 6
1 5
21 23
20 24
11 28
30 21
16 28
13 16
20 14
9 22
29 12
26 31
18 20
30 31
2 5
4 8
6 9
29 30
22 9
26 20
30 10
17 11
26 5
25 4
14 16
1 26
10 1
12 30
31 11
0 4
15 9
10 24
6 8
22 28
17 15
27 2
27 22
7 20
26 21
4 27
15 14
28 27
12 28
6 13
0 21
22 11
13 28
19 4
25 4
21 10
19 16
12 14
6 19
3 0
8 7
28 23
22 24
18 2
20 24
15 21
13 5
0 26
2 19
30 27
23 19
5 10
4 17
25 10
4 28
11 12
3 7
3 25
31 21
28 20
13 11
9 26
17 9
20 19
28 19
14 19
6 19
29 10
4 22
21 8
18 0
20 22
7 23
15 6
12 11
26 25
23 3
19 8
12 7
27 8
26 9
27 1
28 25
11 0
15 0
8 2
0 28
24 7
19 7
14 31
19 8
24 10
12 11
18 24
18 13
1 13
22 28
14 18
21 25
18 5
26 7
26 22
31 2
9 6
16 8
25 24
0 3
4 11
21 29
29 2
30 10
24 26
24 10
16 18
28 21
12 22
28 6
12 27
8 21
1 24
29 27
17 29
30 21
8 20
18 6
22 16
16 15
11 9
25 27
27 22
16 7
12 13
25 7
22 14
8 14
12 3
31 9
2 21
18 22
7 24
12 24
8 27
3 17
21 30
12 11
14 19
23 26
1 16
1 23
31 9
5 11
13 5
20 15
26 6
5 1
30 17
25 7
13 28
24 2
26 5
13 8
24 4
2 25
21 3
16 20
13 22
31 26
27 19
9 21
26 14
22 24
31 16
31 12
12 24
14 7
29 27
15 21
0 18
15 21
21 31
9 2
21 8
28 16
27 5
5 21
19 28
14 19
12 13
31 24
5 14
31 2
9 15
24 9
1 7
30 22
6 7
25 28
15 21
12 11
27 18
0 14
14 1
26 28
1 18
1 15
18 4
24 1
28 2
2 3
0 24
9 8
17 5
23 7
18 2
2 4
3 16
18 17
18 12
13 19
30 15
2 16
19 26
17 15
28 19
18 29
12 27
5 29
1 28
4 19
31 6
23 2
23 9
19 9
21 1
28 19
16 30
4 3
24 21
18 21
9 4
18 21
31 23
18 0
19 23
19 18
29 10
20 19
8 29
8 9
25 28
25 23
0 28
16 21
14 5
30 18
23 19
17 14
6 18
1 29
5 20
26 16
8 15
3 16
12 25
6 8
18 29
8 14
13 29
28 18
28 14
9 15
0 23
21 18
25 18
23 13
13 7
21 28
11 6
8 23
31 14
31 18
12 7
0 25
4 29
12 0
11 21
16 11
13 5
29 6
24 21
19 5
28 8
1 7
14 9
30 14
24 29
0 4
4 0
29 9
29 9
9 31
25 20
12 31
18 23
7 5
28 3
13 29
11 28
6 9
10 30
7 10
2 11
10 0
20 8
9 30
17 8
23 5
20 22
23 6
13 30
11 9
2 25
6 13
21 13
22 31
11 29
9 14
9 19
14 29
27 23
27 12
0 19
18 20
9 27
23 8
6 0
10 31
7 23
20 13
19 31
11 28
13 20
16 27
17 11
19 13
24 19
0 10
7 9
19 2
0 27
9 1
5 8
8 28
29 28
10 16
27 21
13 9
9 29
4 26
8 23
7 0
10 7
10 18
17 30
20 17
25 29
18 31
6 26
27 3
22 5
19 18
26 0
27 3
29 31
30 6
23 5
6 1
13 17
19 30
15 8
15 8
5 2
7 11
28 3
14 19
8 2
5 3
2 0
6 0
31 4
6 22
10 12
24 23
29 11
21 12
19 4
21 25
6 28
4 3
31 19
22 8
21 27
11 23
27 17
23 26
22 29
17 0
10 9
23 7
20 12
20 8
16 9
1 23
5 26
5 24
16 13
13 11
24 5
6 9
28 0
31 26
17 31
4 26
22 11
15 2
31 23
19 8
24 10
14 29
4 19
22 20
0 3
31 24
8 5
1 5
5 1
31 23
0 3
17 23
14 0
25 14
23 12
22 15
22 4
13 26
23 3
14 23
6 13
15 18
17 20
24 18
19 15
18 22
0 9
4 1
3 18
24 15
9 8
6 13
21 0
5 24
15 28
30 28
12 13
15 29
1 7
15 20
22 1
10 22
11 15
23 14
1 16
29 10
24 3
24 13
4 29
5 19
25 3
15 5
17 30
2 18
5 17
7 27
19 17
18 30
0 9
12 2
25 9
12 17
13 4
30 17
1 3
4 27
7 19
0 24
18 3
10 23
20 17
19 7
3 5
5 3
14 17
5 8
27 18
25 8
22 24
25 24
27 29
19 2
16 19
26 2
22 5
26 11
22 13
18 25
18 24
29 0
9 2
8 4
20 2
12 11
26 5
3 21
2 22
24 19
9 18
21 0
23 15
11 14
28 29
7 14
21 4
15 31
7 23
3 27
25 16
6 19
21 9
9 24
31 1
11 9
19 0
9 11
16 20
25 12
17 0
27 7
5 10
6 12
1 9
7 27
25 14
14 15
23 7
23 24
18 0
12 18
9 23
2 29
16 15
14 16
10 21
21 20
27 1
21 5
9 16
30 23
31 13
14 22
20 5
15 6
5 27
25 14
18 27
11 2
10 26
18 20
15 8
8 11
9 30
16 18
14 9
13 28
24 4
16 29
19 23
3 14
16 17
0 11
29 2
22 23
20 10
6 28
19 17
6 17
1 24
31 16
2 13
12 26
17 28
23 4
19 26
18 3
12 18
15 9
20 5
0 8
15 6
5 2
24 11
19 25
3 19
9 5
0 21
31 17
18 23
21 5
17 7
9 29
25 24
6 13
29 6
21 12
13 26
15 5
5 2
30 9
21 8
14 21
29 14
6 15
5 27
21 22
2 30
20 27
22 26
8 19
1 30
31 14
24 14
19 30
17 7
6 25
21 28
23 3
2 6
8 30
27 31
0 25
19 28
15 13
4 2
14 2
2 28
27 16
15 25
1 0
8 26
21 4
17 25
6 24
1 4
19 0
5 13
19 1
28 1
5 31
15 8
1 12
3 17
27 28
19 28
28 27
23 17
31 8
10 5
0 12
10 20
12 15
1 0
16 29
1 21
28 16
29 28
0 15
24 28
2 20
24 29
11 10
28 20
20 1
20 0
11 8
13 26
9 13
10 7
14 0
3 30
29 1
27 30
16 19
26 18
7 19
15 19
29 11
7 17
12 27
18 24
4 31
18 13
12 29
20 26
29 24
24 26
25 19
24 9
6 19
27 14
6 10
1 3
21 8
20 1
3 6
25 7
5 12
21 17
9 11
6 1
4 0
26 23
25 3
30 12
30 12
18 8
13 21
29 21
9 31
24 16
24 0
21 4
21 7
13 30
18 19
0 22
20 26
14 13
30 12
25 28
24 11
5 0
2 26
9 1
18 25
26 18
15 30
7 22
12 6
8 31
6 31
19 0
13 0
30 25
25 27
17 4
0 22
4 2
16 14
4 2
7 30
21 22
28 12
8 2
21 8
8 20
27 9
1 28
7 26
21 2
11 26
2 1
30 5
17 12
9 19
20 7
8 10
3 5
23 12
7 12
20 16
0 15
25 1
11 0
27 1
3 6
27 5
7 25
10 24
6 19
11 26
26 20
4 30
25 27
10 0
7 30
16 7
13 9
8 25
10 3
26 13
9 21
18 16
14 29
8 20
16 20
14 11
8 19
9 1
14 19
1 22
17 18
29 30
27 6
23 5
9 17
18 19
6 5
3 21
2 12
9 18
0 24
29 8
11 6
9 25
25 10
15 10
28 13
9 24
19 0
29 28
18 16
15 24
21 19
13 23
31 23
9 31
15 7
7 26
13 16
19 7
26 3
17 23
16 26
15 3
27 12
31 13
28 15
5 17
2 19
8 1
10 18
0 25
25 7
19 6
23 6
13 17
9 31
8 25
25 23
28 20
4 28
1 0
11 7
18 13
26 14
4 12
14 29
5 21
16 12
12 22
25 29
0 24
6 25
18 29
22 6
1 18
8 2
29 15
20 10
9 14
24 13
27 6
10 0
27 26
12 7
16 6
4 16
30 10
10 16
8 0
23 9
18 31
11 15
14 31
25 23
14 17
4 9
23 14
9 18
8 22
25 24
28 29
9 26
8 19
11 16
19 2
25 5
1 5
20 15
4 13
6 18
30 10
27 21
24 5
7 0
27 0
24 23
29 1
17 5
20 28
21 7
30 15
12 31
20 0
14 24
13 20
11 30
6 0
22 11
7 22
6 7
15 29
5 16
15 10
5 11
0 12
10 15
25 9
3 25
24 27
7 12
6 18
11 13
19 1
24 26
24 31
2 7
28 7
23 11
17 28
23 17
9 1
0 2
10 3
27 2
31 2
15 5
21 26
18 8
27 11
2 19
10 4
26 6
11 18
18 29
14 9
14 23
10 15
25 20
18 21
23 17
23 6
23 12
0 9
20 27
20 23
15 30
27 9
5 7
27 23
4 10
0 18
1 10
1 27
30 20
16 21
5 7
27 28
20 27
6 8
23 26
31 6
25 27
15 30
