31
26 19
30 28
17 22
29 6
7 17
13 0
1 29
16 10
20 23
11 8
8 17
8 13
1 29
0 17
18 25
27 12
13 24
7 29
14 5
4 21
22 16
19 22
14 4
1 27
12 10
2 27
18 15
28 17
14 15
2 8
9 12
21 1
19 13
25 22
1 14
5 18
3 17
22 2
18 16
12 26
18 8
14 1
4 29
15 19
29 23
26 11
11 25
30 29
5 22
18 6
4 23
24 7
7 13
10 23
27 22
19 13
29 0
14 2
29 19
27 21
12 7
30 7
5 28
12 27
15 17
0 5
8 6
12 22
16 5
16 5
22 29
1 22
12 3
20 8
20 14
27 2
20 27
9 25
24 19
21 7
3 20
12 26
23 1
9 26
15 12
17 14
14 6
24 15
26 0
5 7
27 7
27 21
14 19
15 0
8 20
2 28
1 14
21 22
13 30
15 28
11 1
9 23
5 1
8 29
1 11
6 26
16 0
17 28
20 30
28 19
30 23
18 11
13 8
22 10
23 18
21 23
25 12
28 26
18 27
25 29
2 21
14 0
7 9
20 4
6 15
23 4
5 8
13 18
16 3
28 9
21 17
1 13
27 29
9 14
25 1
10 25
20 22
26 25
0 13
29 4
27 21
8 1
28 20
18 13
23 15
22 11
30 21
24 26
20 0
7 12
0 17
5 20
8 29
15 6
9 13
11 5
2 19
7 30
6 25
12 27
7 2
7 5
23 30
29 10
28 6
21 28
21 24
18 30
20 0
5 29
13 14
4 15
1 9
12 7
1 23
4 6
23 9
9 15
6 8
24 4
12 30
2 3
15 30
23 15
3 21
29 17
23 11
18 1
22 26
0 14
28 5
6 4
14 19
11 22
10 13
3 20
10 6
23 26
3 15
8 6
4 24
27 14
9 27
5 2
25 19
28 30
23 2
14 9
11 5
20 22
7 9
1 11
0 25
14 13
1 19
17 5
10 12
19 6
24 20
29 10
17 29
0 19
10 28
13 30
19 20
6 19
29 6
13 18
14 30
2 18
9 14
6 28
18 29
15 17
8 2
13 9
19 23
19 17
5 16
5 24
20 24
22 25
5 4
12 17
3 14
4 10
27 11
6 14
7 21
29 15
23 11
22 12
1 8
29 7
22 1
0 12
24 20
4 27
25 16
13 26
28 18
4 22
27 10
6 1
0 2
16 22
12 6
1 13
12 28
20 4
29 18
14 20
8 18
16 0
1 30
24 27
15 28
19 9
5 23
10 4
25 24
26 6
28 27
20 10
24 7
14 20
24 28
10 1
13 26
30 14
23 8
5 19
27 14
24 19
22 28
12 14
21 18
11 17
5 21
8 13
2 29
6 28
6 5
10 30
4 22
23 25
0 28
13 27
10 5
14 30
0 26
13 22
11 25
6 17
13 15
28 16
11 1
13 17
6 24
16 8
13 6
2 13
2 14
8 12
17 20
11 17
15 25
8 26
17 15
10 30
28 7
15 8
8 29
23 12
20 6
20 0
13 21
14 15
4 20
25 21
9 5
5 22
28 14
15 12
27 26
12 22
2 25
30 9
21 22
21 8
28 11
9 8
1 21
23 3
8 15
22 15
21 27
6 16
8 19
27 2
14 8
24 15
0 23
24 22
12 14
28 8
23 6
16 24
27 7
25 2
22 16
17 10
11 23
25 19
10 21
22 24
27 13
8 27
4 30
16 14
12 22
6 18
6 29
13 23
15 2
7 2
11 18
23 5
4 2
26 24
25 20
7 0
14 11
0 29
25 14
10 17
18 28
23 16
8 3
7 22
5 12
22 16
28 12
19 1
13 12
26 7
1 0
7 16
9 7
14 3
19 22
20 7
19 10
21 26
13 26
17 7
8 0
2 20
20 4
2 1
28 7
1 28
15 6
20 27
7 9
18 26
14 4
5 2
30 17
29 14
1 3
20 1
6 8
21 8
10 21
5 16
20 0
29 4
4 18
0 11
25 16
6 8
20 10
9 18
25 5
1 26
6 22
27 10
30 16
18 7
4 21
23 24
21 28
23 7
26 4
1 11
8 0
16 17
18 10
20 18
3 26
9 29
6 12
22 13
16 13
4 7
1 25
2 25
30 28
27 1
6 2
7 4
19 22
21 27
11 8
29 4
15 27
10 21
8 2
3 22
13 5
29 14
29 0
8 28
26 2
27 1
5 3
5 22
23 26
18 3
1 14
8 16
10 16
6 16
16 8
7 29
11 3
13 9
1 19
7 27
22 1
26 25
3 30
16 26
23 1
28 25
16 3
10 26
19 15
10 5
21 15
1 19
12 11
20 30
16 15
19 17
10 13
20 9
29 16
0 30
13 25
15 14
2 9
2 17
19 5
5 3
5 7
20 17
18 10
16 1
23 4
18 0
17 6
8 13
20 8
13 0
2 28
14 4
4 16
20 23
20 25
25 30
14 9
15 24
26 16
14 28
2 15
13 6
23 26
26 0
6 26
0 2
9 2
6 23
20 30
10 13
24 2
12 7
12 28
30 5
11 13
2 11
26 13
17 18
9 12
16 15
5 14
17 12
17 24
3 6
21 13
19 12
16 30
17 26
27 16
0 5
28 0
17 21
14 1
7 21
14 23
5 17
7 21
30 22
12 2
28 0
13 15
12 27
14 29
22 8
13 20
11 8
21 28
29 2
30 5
23 11
27 26
28 1
16 25
23 26
27 18
26 8
2 5
4 14
2 25
22 15
14 3
21 2
29 19
4 26
23 25
4 17
21 0
16 4
25 6
0 20
24 28
25 28
30 6
30 24
29 14
6 30
2 6
26 19
9 20
9 3
24 26
24 9
27 19
15 25
6 7
16 3
1 13
2 5
12 25
3 24
29 0
26 4
25 15
13 14
24 15
5 18
6 30
27 2
16 12
27 22
19 11
23 18
24 23
23 6
17 25
30 13
23 26
18 17
10 29
29 1
13 4
19 18
1 16
20 17
28 15
6 14
26 29
30 19
19 22
25 6
14 23
17 7
18 2
22 26
1 21
27 12
23 16
30 24
30 18
8 25
0 14
8 26
10 7
12 29
27 5
2 11
28 18
16 13
20 7
6 21
26 0
1 18
16 29
9 13
14 17
7 14
29 13
9 6
18 20
5 15
25 5
24 20
23 9
0 13
16 6
1 12
6 0
28 21
28 7
3 11
24 9
26 21
22 2
27 10
22 30
25 14
5 18
1 26
25 1
6 10
7 6
20 12
6 18
0 3
23 3
13 14
10 8
4 2
10 1
12 0
0 4
14 3
20 16
30 14
17 3
22 23
9 12
2 14
28 2
15 18
3 28
1 14
5 6
16 14
7 26
14 5
28 26
9 17
11 6
29 27
7 20
17 15
30 19
29 25
19 11
12 22
9 14
5 12
18 19
24 23
12 7
28 9
1 4
24 12
8 22
6 16
10 21
0 7
9 27
2 28
7 12
18 14
24 21
25 11
10 18
3 22
24 30
30 25
1 23
4 10
13 9
24 23
30 22
30 7
18 30
2 23
12 20
5 11
30 17
19 17
18 8
8 17
7 0
19 29
5 27
11 12
18 3
11 9
0 18
25 0
21 15
10 20
15 19
19 30
5 4
18 14
10 2
21 11
19 17
14 15
28 26
0 6
9 30
23 1
30 13
17 7
21 6
22 8
24 20
13 28
5 27
7 16
16 25
2 30
7 0
25 8
29 30
17 28
22 19
25 2
3 1
23 9
22 0
2 11
14 28
16 8
3 23
24 19
15 25
19 23
25 11
0 23
8 15
19 30
1 13
30 4
13 23
14 4
21 14
15 2
12 0
9 15
21 2
3 4
27 20
27 19
30 27
10 7
9 29
5 11
9 4
15 20
25 27
24 14
11 6
16 21
4 25
3 26
26 6
28 20
25 24
9 24
18 19
29 27
15 3
5 22
8 19
12 0
15 3
14 24
10 29
12 14
23 15
7 16
20 4
6 14
28 13
5 13
30 1
10 12
5 13
3 11
1 13
9 15
17 24
6 27
22 19
10 12
3 16
29 21
20 2
2 18
15 7
0 12
7 8
24 10
22 25
21 8
30 5
23 21
10 19
12 29
27 23
30 12
21 0
21 23
16 3
29 14
15 5
23 8
15 12
2 3
0 8
0 4
0 22
14 17
1 12
14 24
9 24
12 30
22 2
21 7
5 17
22 20
22 12
26 4
22 27
5 22
4 5
26 5
25 7
22 27
17 3
18 27
26 0
24 17
2 14
25 6
0 16
24 20
26 20
22 17
16 27
6 18
0 23
23 7
13 17
25 16
5 21
11 3
14 29
3 27
21 9
27 4
3 15
30 21
6 14
4 1
20 22
30 20
13 20
26 7
20 9
10 8
19 13
20 17
14 16
5 24
11 9
25 24
8 13
28 22
17 29
9 6
26 30
17 14
23 12
19 10
20 29
18 8
9 7
23 22
28 14
2 6
6 24
14 19
21 3
3 20
12 8
13 9
25 1
5 13
11 25
9 27
2 18
2 25
9 24
22 21
24 28
28 17
9 14
7 10
16 25
22 24
6 30
18 0
0 23
14 10
17 23
6 17
9 6
11 16
30 0
4 21
26 30
7 2
14 13
12 30
5 2
21 11
1 8
10 30
30 24
9 14
14 1
21 20
10 4
18 9
9 8
4 8
14 7
20 25
17 30
19 7
9 20
16 19
20 13
10 27
27 22
8 26
13 27
6 15
14 15
24 20
17 0
3 22
18 28
9 5
26 12
4 16
26 23
3 8
2 28
5 24
4 0
4 0
4 20
14 19
11 3
4 9
5 24
28 0
2 26
29 14
30 12
10 20
13 18
22 8
21 14
12 22
18 10
26 5
22 13
17 26
15 26
29 8
23 29
11 23
23 7
7 20
17 15
10 28
2 30
3 24
13 14
13 30
24 8
2 16
19 9
3 13
5 12
3 1
21 27
24 26
3 14
10 16
22 5
18 21
6 9
2 20
22 1
12 29
3 26
17 21
4 19
1 7
29 4
8 17
29 2
12 30
14 20
15 5
23 3
26 29
10 26
19 2
27 0
0 29
24 15
17 28
1 18
2 30
22 10
16 21
10 26
18 24
13 3
27 5
6 21
4 16
16 23
16 11
21 14
9 14
28 26
9 29
11 27
0 19
10 19
30 6
7 23
19 10
18 25
14 8
29 30
24 19
14 4
7 28
11 19
23 4
26 22
15 4
18 16
23 26
4 22
1 11
13 19
19 0
11 2
8 7
0 30
24 14
4 0
9 13
17 2
18 12
22 0
16 7
16 6
2 19
27 2
28 9
21 15
7 1
17 13
8 17
12 1
29 14
30 8
26 16
8 13
26 30
13 9
4 28
15 6
14 9
8 9
18 29
24 23
28 11
5 3
26 16
4 25
28 1
0 23
17 8
5 10
5 17
19 9
12 2
15 24
11 22
2 28
20 25
20 16
5 24
19 29
7 22
23 4
23 21
28 8
29 0
18 1
15 5
10 25
5 24
18 16
15 19
11 2
13 30
18 16
23 5
14 30
27 5
1 19
26 29
25 23
30 13
24 12
16 4
7 21
28 25
4 10
13 16
12 24
15 29
9 5
3 22
2 30
27 3
16 22
0 11
12 30
22 6
11 5
8 18
26 3
11 28
13 22
11 23
16 24
21 25
29 22
14 29
19 10
0 5
0 16
12 28
5 16
8 10
24 25
3 27
3 0
9 25
12 0
10 3
19 3
0 11
17 29
30 26
29 2
24 27
18 3
24 21
20 2
0 13
25 1
8 28
2 15
22 12
15 0
15 4
3 13
13 18
12 11
8 15
4 5
0 8
29 20
26 29
18 8
23 20
14 18
20 30
8 30
12 8
12 16
9 26
27 25
7 6
13 20
10 18
20 16
15 7
11 13
26 18
4 15
1 22
2 29
30 1
11 5
13 25
12 6
22 7
13 27
13 25
16 21
10 5
5 25
13 16
8 6
1 12
21 1
1 21
28 30
22 8
2 1
15 9
21 22
20 17
2 14
2 21
25 5
26 19
16 10
25 22
11 4
10 6
0 8
3 22
14 5
23 15
20 1
3 9
21 20
11 5
22 2
28 16
11 5
9 3
15 13
13 25
17 12
0 20
1 15
24 28
13 25
30 21
14 19
1 19
9 1
14 4
28 15
2 6
16 17
20 30
10 4
11 10
25 10
23 16
4 19
27 29
18 17
12 4
17 29
13 18
10 15
13 8
0 16
14 0
1 13
10 4
22 19
27 2
9 12
4 26
8 2
11 26
13 16
10 9
27 28
20 10
9 28
8 25
9 22
23 9
3 1
13 25
18 9
25 27
21 29
21 29
30 1
22 12
15 1
19 10
28 8
20 6
5 28
29 15
17 21
22 20
20 4
15 7
13 7
2 1
4 23
28 3
22 18
13 7
19 1
15 14
10 4
18 13
30 14
26 16
3 17
6 23
21 19
0 1
24 2
2 28
23 29
29 14
16 9
19 2
11 3
15 19
5 2
1 2
17 26
19 20
12 23
12 1
9 10
2 10
3 29
2 1
27 17
17 6
5 17
15 7
1 3
12 4
2 13
19 28
30 8
8 22
18 9
29 27
11 0
6 12
27 9
13 24
24 28
28 27
15 12
3 16
13 14
20 13
25 6
11 24
12 17
13 29
26 11
25 4
9 29
17 6
7 28
30 29
26 27
26 8
6 27
24 19
8 12
1 2
18 10
24 29
27 6
27 20
17 21
23 27
19 7
2 25
4 30
23 28
24 16
5 30
11 28
16 19
9 17
20 25
26 13
23 20
20 19
10 4
7 0
0 25
7 0
19 9
28 9
7 19
24 10
16 4
7 1
23 14
17 10
7 10
24 30
30 11
17 7
15 24
7 14
16 12
14 4
22 10
12 27
29 5
4 15
9 10
14 30
24 29
10 0
8 1
29 8
12 15
15 27
6 21
10 23
2 23
25 22
0 4
16 29
9 21
11 16
29 24
14 20
22 24
19 0
23 17
8 4
30 21
29 5
9 7
26 10
28 21
1 28
25 16
24 2
4 5
18 2
27 1
22 18
23 8
18 15
25 24
17 24
13 14
28 22
19 23
1 16
11 1
11 6
17 4
8 19
7 24
21 3
24 10
22 14
19 7
28 11
30 12
3 12
26 0
3 12
21 3
26 2
2 6
8 19
9 14
5 16
5 24
18 29
3 7
11 20
12 8
30 11
20 2
23 16
0 25
26 21
26 22
23 28
28 29
14 4
12 19
19 16
12 6
14 13
11 25
1 23
0 2
21 0
23 4
0 17
30 21
10 21
12 7
17 10
19 23
5 7
6 17
11 18
29 22
13 30
13 11
28 15
1 28
7 5
28 23
3 16
2 22
28 8
6 8
25 26
29 0
2 4
15 14
22 13
3 2
12 16
14 7
29 15
4 19
1 27
22 16
27 13
13 2
20 21
26 15
17 26
15 21
10 27
11 22
0 13
1 14
25 9
11 10
13 15
27 13
9 18
29 3
29 9
4 16
0 30
29 15
25 14
4 2
10 15
24 8
26 21
21 4
30 29
15 14
25 28
21 10
24 6
3 28
23 1
27 21
16 19
2 20
20 13
4 11
19 29
4 7
19 6
6 17
22 18
9 19
8 19
11 0
25 14
28 15
15 23
6 0
9 8
19 27
19 21
8 6
19 12
13 7
19 18
22 10
5 0
27 12
17 5
12 10
19 7
25 3
30 0
2 7
7 19
3 26
9 30
27 22
13 1
8 0
24 16
3 22
10 15
9 16
27 19
4 11
6 1
12 6
6 19
25 8
12 1
17 12
28 6
23 28
12 21
19 28
24 10
6 7
17 22
1 3
24 3
15 28
5 25
3 9
11 26
17 23
26 2
2 21
6 23
18 19
13 6
14 5
15 18
12 1
7 11
5 1
15 18
27 18
12 0
27 23
24 12
13 19
12 14
8 18
6 26
4 18
0 17
23 15
4 2
16 12
13 19
11 28
6 7
13 16
5 10
8 30
22 20
16 1
3 24
19 7
18 24
25 18
10 17
2 12
17 16
24 0
5 4
26 9
12 9
26 17
17 1
14 6
19 29
7 20
20 26
28 7
17 22
23 25
9 25
7 24
11 29
24 14
1 18
21 11
25 16
28 11
16 10
15 2
8 22
23 26
15 20
3 0
11 26
25 18
19 30
12 28
27 3
11 28
21 30
8 13
14 3
22 30
11 6
1 17
26 24
13 11
13 16
9 23
9 1
10 28
1 22
25 26
24 3
23 12
3 29
26 17
30 17
14 11
22 13
28 17
7 10
26 18
26 4
8 3
4 19
0 3
8 26
29 1
27 19
14 30
17 7
14 16
24 28
27 13
11 23
29 16
2 24
1 27
27 10
30 0
27 30
3 2
23 30
2 18
18 16
15 2
23 30
16 14
25 11
26 5
3 24
19 5
15 19
30 11
27 29
9 23
27 10
23 17
9 25
4 27
10 20
27 0
17 13
13 11
24 6
15 27
30 3
30 14
22 30
24 16
26 2
8 20
13 1
7 20
24 9
15 2
27 11
2 13
24 13
23 15
19 7
11 16
8 9
0 29
6 24
14 1
24 21
20 4
20 25
25 13
3 9
15 29
20 16
9 12
27 1
27 14
6 30
15 28
13 21
19 27
20 13
15 7
17 4
1 9
18 3
18 0
1 6
16 8
18 13
8 14
27 14
20 24
29 2
22 9
21 10
4 9
23 19
16 8
24 18
17 9
21 3
9 20
9 24
26 25
6 3
6 0
18 27
24 14
27 15
22 18
26 27
16 12
12 22
3 28
7 12
16 10
20 5
17 13
30 11
17 2
17 15
18 11
8 2
8 22
22 24
15 17
20 0
29 30
21 2
28 12
13 7
1 17
24 12
16 2
27 16
17 11
4 29
18 4
4 9
26 28
22 12
15 20
8 14
10 8
9 7
21 12
20 5
3 0
21 5
27 6
23 8
8 19
24 12
23 2
7 18
22 17
2 11
24 14
22 1
24 29
20 12
9 10
17 12
8 7
18 4
11 8
10 20
25 3
30 17
3 7
2 25
22 4
4 15
18 26
17 9
22 6
21 0
14 7
13 22
12 29
25 22
4 11
29 6
10 13
7 15
15 0
7 19
4 22
4 28
6 12
19 11
2 20
25 8
0 15
18 27
7 9
0 9
18 27
15 27
7 21
9 22
21 16
8 23
6 10
20 10
22 8
21 23
26 14
0 24
27 16
18 3
24 18
12 11
12 26
5 19
16 15
8 4
29 16
25 2
27 14
13 18
20 3
8 14
15 8
7 11
23 26
14 16
11 27
27 22
20 0
8 5
15 17
7 11
2 1
14 27
13 27
15 2
28 23
14 13
30 22
24 20
15 8
5 24
2 30
15 22
30 24
25 12
8 30
24 10
29 7
7 11
1 20
11 29
10 26
11 7
15 3
27 30
11 1
21 11
30 4
0 29
26 23
9 3
22 2
13 20
7 18
29 8
5 9
4 16
2 16
23 17
17 18
14 26
17 5
6 16
9 4
15 2
27 22
5 16
24 16
3 29
4 1
4 9
8 23
11 22
14 26
8 1
10 3
18 13
7 4
20 11
17 22
7 8
25 23
30 10
26 28
12 25
1 20
3 7
12 30
26 7
7 27
15 9
13 28
16 15
15 28
1 6
4 7
0 26
4 9
19 30
21 14
0 10
15 5
23 25
4 16
30 10
11 15
19 24
10 4
8 26
1 7
30 4
12 29
28 16
7 16
15 26
28 13
6 12
18 27
4 21
12 4
0 23
19 14
27 21
20 21
25 20
25 6
16 20
20 21
3 2
16 1
15 22
11 1
18 16
20 29
20 19
6 3
0 27
23 21
17 16
8 9
22 24
27 12
12 0
14 28
1 28
18 10
27 3
24 16
1 11
3 21
17 9
22 16
3 12
6 19
28 12
28 18
3 23
28 15
23 9
12 22
4 28
1 0
1 24
14 0
4 15
19 20
24 10
5 26
21 9
14 18
21 9
5 24
1 2
8 22
10 18
13 14
16 13
15 17
6 27
15 10
12 4
28 3
14 2
29 4
11 10
21 30
20 24
23 19
25 29
11 4
17 22
18 0
4 0
15 10
28 30
19 7
3 16
10 18
17 7
20 28
17 8
26 4
2 18
24 27
17 2
29 1
24 16
1 27
15 16
6 12
15 23
17 19
7 27
4 24
1 22
19 0
14 21
2 14
27 17
14 25
18 6
8 19
2 23
4 6
2 17
30 19
5 6
14 7
30 15
30 16
3 30
0 25
30 0
6 26
15 19
18 2
25 24
19 27
17 21
2 17
7 30
6 11
5 20
18 2
2 17
17 6
14 17
29 13
15 2
6 30
21 24
30 13
18 7
2 8
10 19
13 9
23 22
13 10
10 13
13 25
30 17
7 14
15 20
29 15
27 26
4 18
25 17
3 12
25 5
18 2
23 30
9 15
21 20
26 29
3 6
24 0
23 0
15 5
18 11
20 12
7 22
0 1
7 3
14 30
7 30
1 30
29 8
12 18
29 7
16 30
11 7
30 3
5 14
6 22
24 27
3 0
16 3
1 23
5 13
22 12
11 21
11 7
30 23
25 26
29 9
25 7
16 24
11 20
6 17
11 30
11 14
30 26
16 29
18 21
12 8
2 23
27 11
28 26
1 23
19 28
1 13
3 15
5 14
2 9
29 13
8 28
5 3
11 1
19 1
13 25
1 3
22 10
1 15
9 22
4 5
21 15
8 3
20 6
29 18
19 4
24 14
7 25
25 9
14 24
20 8
23 22
28 2
21 13
10 12
17 15
0 1
21 3
20 10
9 16
26 27
21 20
10 26
12 3
4 26
25 2
18 16
30 18
6 10
28 16
25 10
16 27
0 19
14 8
27 30
4 23
18 22
0 14
1 3
16 28
29 8
28 14
22 25
1 28
3 30
11 28
7 27
22 8
14 5
14 10
3 16
0 19
7 0
0 9
2 17
4 0
25 30
