39
34 0
11 21
13 35
33 24
18 1
14 34
36 18
35 34
11 14
21 37
12 19
34 23
32 0
11 23
11 12
1 35
13 2
17 26
26 11
11 5
1 25
28 26
32 13
22 32
27 32
30 28
12 14
13 34
14 13
18 26
25 8
22 27
10 28
14 36
28 14
30 19
28 8
6 10
22 17
3 10
10 23
28 12
37 2
35 2
4 14
17 29
11 28
7 11
17 10
36 34
25 17
14 3
25 10
14 36
16 17
36 27
29 25
28 17
16 24
19 20
27 36
38 14
6 10
20 17
8 15
31 14
19 34
0 18
9 26
34 16
23 11
34 37
0 12
14 24
31 34
12 17
33 12
31 29
11 12
7 8
17 27
22 25
22 12
4 21
27 38
26 11
11 21
9 11
34 12
25 15
7 37
33 29
38 14
8 0
16 15
36 33
3 9
19 15
21 23
36 9
11 23
9 22
5 7
23 28
19 9
5 15
35 38
33 24
2 3
13 18
7 10
12 0
19 20
15 29
4 1
27 5
13 36
27 18
32 0
36 12
37 2
16 23
29 11
8 31
14 21
11 21
20 23
10 1
33 25
19 37
15 8
3 28
33 20
36 27
9 33
28 8
35 6
20 25
17 6
20 27
17 30
8 30
2 37
24 27
18 11
32 15
4 21
9 13
18 25
22 1
15 19
36 21
0 11
27 17
7 8
33 24
38 3
4 29
29 17
7 8
29 0
23 22
21 22
35 29
8 18
30 23
38 17
33 27
17 21
34 24
18 28
38 7
31 36
22 10
4 19
28 4
32 11
15 7
5 12
14 24
36 2
2 19
30 9
2 25
33 9
3 21
16 35
14 3
7 24
7 15
2 1
8 13
16 12
9 10
25 23
34 11
26 30
6 35
21 20
18 31
23 1
36 8
15 0
15 28
36 20
30 37
17 32
3 30
2 13
5 14
36 16
29 12
35 36
7 16
16 38
1 6
24 9
10 14
14 27
11 34
7 9
12 0
12 31
30 14
36 5
0 2
35 13
27 31
38 34
37 4
22 27
10 7
36 9
21 0
36 32
23 32
30 25
32 3
17 23
6 4
29 7
6 14
9 22
34 8
17 32
2 0
20 1
8 7
11 18
7 36
1 31
30 31
6 12
24 23
36 30
16 15
26 12
29 24
34 24
22 13
7 24
13 27
25 10
23 25
29 31
12 30
12 3
11 7
15 35
19 1
16 36
16 3
9 34
17 4
9 0
6 5
13 20
21 27
19 6
14 9
26 28
27 18
1 34
22 36
14 24
2 11
29 6
9 14
12 3
12 1
9 17
14 18
38 30
38 5
33 36
31 20
15 8
27 16
3 11
2 7
24 5
18 14
0 17
17 1
20 29
2 18
7 5
26 7
35 14
12 30
0 33
0 15
2 28
20 34
28 12
2 13
17 9
16 6
15 34
7 24
24 37
4 32
3 19
0 27
33 1
18 33
23 8
38 15
25 19
10 14
31 1
27 37
38 4
32 15
38 0
0 13
37 32
6 29
12 34
18 34
35 25
18 9
22 17
24 8
25 23
22 7
13 38
33 12
32 27
16 31
16 6
5 4
38 0
22 1
34 1
35 20
16 3
29 38
9 3
8 24
15 19
20 17
19 14
18 12
30 35
32 36
2 27
1 29
27 23
30 12
14 16
32 19
19 11
18 3
15 3
18 24
23 24
4 26
3 5
18 38
26 15
29 14
5 20
31 28
0 32
31 16
25 11
25 19
32 28
34 35
35 19
8 20
12 34
23 6
13 12
33 28
2 36
22 11
17 12
12 10
32 17
24 5
31 10
13 24
27 8
9 12
17 21
29 13
34 25
15 7
19 5
37 5
16 38
23 17
0 33
11 6
19 5
38 18
18 12
35 15
11 8
32 28
30 12
30 14
37 7
21 6
1 8
11 17
7 23
35 7
18 35
14 26
1 2
33 8
3 29
23 14
27 17
32 7
18 12
21 5
19 31
11 9
0 22
16 36
7 12
32 14
8 35
29 37
37 12
6 30
3 29
33 19
35 15
26 3
28 8
8 36
0 19
7 28
31 23
25 27
24 19
30 32
15 20
19 3
32 25
33 24
15 27
4 1
4 30
4 21
27 13
18 27
21 25
17 13
37 31
1 22
11 31
4 16
1 23
19 23
9 13
36 14
29 30
4 22
10 8
4 38
10 23
15 32
37 21
34 36
14 36
8 14
17 13
30 8
36 10
20 35
12 17
38 3
8 3
14 19
0 19
18 11
31 22
32 29
5 27
15 19
13 24
33 20
26 25
28 12
24 9
8 37
15 7
1 24
38 15
32 0
23 0
0 15
22 32
34 27
9 38
35 12
23 30
32 38
5 10
12 29
19 9
27 23
6 17
8 5
22 29
33 6
29 33
11 13
15 34
1 14
33 37
26 7
17 19
6 11
29 7
29 37
17 7
21 23
13 19
28 35
9 12
31 0
6 31
2 11
26 3
25 20
29 1
16 35
20 23
35 38
30 15
25 8
22 35
20 35
15 38
21 14
11 13
3 6
5 33
