47
34 35
6 11
4 12
34 10
28 20
14 28
41 17
31 1
44 1
27 44
34 40
21 32
45 1
36 12
4 41
38 29
44 2
12 10
15 1
17 35
15 24
8 32
9 10
8 36
16 6
2 9
27 14
7 8
3 46
12 44
37 30
5 34
11 18
23 27
19 41
35 44
3 46
6 39
8 21
8 40
23 18
46 37
4 7
40 3
46 16
40 8
22 7
19 40
9 25
38 29
20 5
26 2
5 11
41 13
11 28
32 34
25 31
4 30
18 44
33 43
14 6
4 15
13 2
8 22
28 25
30 27
31 9
8 36
46 28
28 10
9 13
24 35
23 28
18 41
25 30
37 18
36 20
33 28
23 20
4 30
46 34
36 9
23 44
45 1
25 5
12 13
44 36
1 20
43 45
15 21
29 31
19 18
5 31
26 7
5 30
37 30
43 5
39 45
2 16
0 27
21 38
40 44
6 21
17 2
45 11
2 27
43 21
25 27
6 4
13 37
13 29
20 35
34 12
34 36
28 13
42 28
30 14
25 36
35 21
17 34
33 19
40 8
20 44
35 5
1 21
40 30
41 29
43 32
42 32
39 34
27 46
17 20
24 32
35 24
2 22
10 0
41 18
46 39
32 4
19 12
25 13
21 45
21 17
30 42
28 1
29 34
0 46
8 3
10 43
28 38
44 17
38 36
38 9
0 21
29 13
0 21
13 24
42 10
34 37
38 35
19 26
15 44
34 18
33 30
25 24
6 43
15 44
11 6
33 11
28 15
3 7
36 43
31 6
18 0
44 33
19 23
1 42
36 45
28 45
3 5
4 25
46 28
36 32
14 26
39 29
9 46
44 31
9 7
37 7
7 13
19 5
37 20
26 5
44 33
4 26
17 34
4 16
15 19
1 8
46 19
16 34
44 13
18 7
20 8
40 6
21 12
11 37
11 37
22 8
23 26
14 40
39 18
36 8
38 16
42 16
36 12
3 33
25 0
19 25
34 12
31 34
24 22
25 35
12 26
23 15
31 37
34 23
34 23
10 25
40 6
20 8
18 2
41 43
2 14
0 36
26 32
24 30
7 28
18 45
7 20
13 38
10 27
14 45
3 25
2 22
31 23
30 28
25 4
24 7
44 4
43 2
36 20
32 22
27 30
20 34
3 13
4 40
19 45
17 1
23 19
3 33
21 33
40 26
16 43
12 13
0 8
42 36
8 27
37 35
10 37
2 40
29 6
33 1
4 29
2 6
27 5
18 28
18 11
7 13
34 45
6 34
6 1
3 40
28 40
8 18
30 10
37 38
42 2
39 26
31 21
11 5
9 39
23 46
25 16
33 23
22 21
9 23
3 2
30 43
36 1
6 25
17 23
21 19
16 26
29 16
16 41
21 4
12 24
4 17
40 16
19 41
16 28
17 19
10 0
42 25
28 27
4 45
3 4
44 45
30 26
14 25
46 36
30 38
39 13
8 11
8 6
5 25
35 22
23 24
1 18
2 29
24 6
7 28
36 30
26 45
35 41
24 14
9 33
5 27
25 39
38 33
45 43
37 12
18 14
36 19
11 18
28 36
3 14
17 40
23 43
38 11
16 15
25 4
27 9
31 5
1 22
39 26
18 29
38 15
22 7
14 34
25 21
23 7
35 19
0 37
15 39
27 11
33 32
15 14
41 0
45 22
1 37
1 20
46 39
35 21
46 28
34 3
2 10
11 16
29 37
6 24
29 13
14 42
45 29
35 39
8 33
40 10
3 41
9 28
13 23
28 38
5 16
21 33
26 32
3 35
1 35
12 31
1 26
5 46
34 19
18 22
5 11
11 34
32 46
41 45
22 23
15 6
39 36
40 44
0 43
32 2
31 23
12 33
28 17
11 42
15 29
17 46
41 28
34 5
27 7
3 28
30 44
14 1
34 7
46 13
29 10
15 39
34 6
4 41
2 16
36 17
24 32
17 44
39 4
2 19
37 31
27 21
29 41
1 42
1 0
8 9
37 24
1 3
9 32
44 12
1 13
29 25
45 46
23 38
29 4
36 20
36 16
20 18
10 21
13 37
1 0
25 38
3 6
41 13
38 25
39 4
7 43
3 7
45 20
15 3
9 35
39 26
8 36
15 9
28 32
10 28
36 1
11 42
42 24
33 12
2 4
43 35
27 25
21 25
45 37
7 25
25 12
13 14
7 22
21 18
32 29
7 12
40 3
33 17
15 45
45 20
41 12
26 19
34 4
17 24
38 4
28 16
42 20
31 2
21 31
20 6
13 28
44 6
10 30
2 25
29 26
24 2
39 3
22 5
34 18
8 25
1 15
41 44
36 4
46 10
15 20
43 28
27 40
14 16
24 42
20 32
22 45
34 40
27 35
45 40
7 6
18 8
21 39
5 10
22 31
0 37
30 43
19 36
15 12
5 39
7 25
3 29
2 38
22 30
26 46
2 12
5 21
0 6
39 5
42 14
15 42
5 45
17 3
34 33
15 39
4 22
44 8
31 46
46 32
8 4
11 17
16 11
17 22
3 1
18 43
43 39
1 41
10 4
8 43
45 26
0 23
8 10
2 33
21 36
17 32
26 34
2 37
30 3
19 10
0 16
32 40
43 27
29 27
14 25
25 40
4 43
39 14
24 25
36 13
42 21
19 8
2 35
17 32
8 7
11 3
39 30
25 45
12 5
38 16
10 11
21 40
7 13
8 10
17 23
2 13
44 21
0 26
10 44
11 44
30 1
0 1
32 25
0 44
10 17
14 46
28 14
39 35
27 0
24 44
2 27
36 0
1 16
5 37
13 42
34 22
43 34
23 28
39 2
5 28
20 45
27 1
12 19
16 39
46 40
15 1
46 5
27 1
0 32
38 39
6 5
14 3
39 37
10 19
41 17
39 44
40 4
43 35
22 42
29 38
22 7
43 3
8 43
14 26
35 21
10 28
3 2
44 39
39 16
34 9
8 26
33 28
31 29
16 32
3 24
23 25
32 45
28 19
20 43
24 34
43 34
15 25
16 13
17 34
29 4
22 38
31 8
45 41
37 14
26 19
39 29
45 3
27 26
1 26
14 23
39 30
1 8
22 19
42 4
2 18
21 33
5 19
6 22
13 12
41 31
41 39
34 0
45 35
1 25
40 16
2 33
25 29
20 0
1 16
30 4
13 5
16 18
3 2
19 16
14 0
34 6
13 34
30 2
15 9
21 10
37 7
14 19
28 14
0 23
44 30
15 28
46 12
32 27
32 27
20 46
28 7
31 41
21 15
22 15
24 44
4 14
30 18
33 11
11 12
13 34
42 28
16 42
41 27
1 26
7 22
25 35
8 9
9 8
24 31
23 27
28 27
41 12
24 7
2 35
19 16
23 15
23 18
36 17
45 16
22 5
38 26
20 0
15 29
34 18
39 11
46 0
17 19
12 42
5 40
30 4
35 32
45 12
3 34
8 1
29 31
33 21
10 6
0 25
14 34
44 6
24 22
6 42
41 44
16 0
17 25
30 5
11 28
43 14
41 5
42 23
15 7
44 25
13 23
30 6
37 6
38 14
28 24
9 1
21 4
27 17
30 10
23 41
38 45
34 32
3 8
9 44
15 32
2 7
9 32
13 25
17 5
39 24
8 28
4 29
32 26
15 21
2 35
13 26
23 24
9 31
12 6
26 24
8 33
12 19
0 37
36 31
29 39
18 10
44 0
43 8
5 37
29 33
26 21
13 28
25 22
38 37
28 17
14 37
4 26
35 30
42 25
40 25
43 11
14 40
37 36
1 43
27 31
29 6
31 42
13 9
43 4
0 25
22 40
41 26
46 29
35 41
33 28
45 30
18 13
2 8
2 4
30 8
14 39
14 24
34 6
34 31
11 13
35 33
6 29
38 31
37 5
26 24
12 24
33 30
16 35
17 19
18 27
27 11
19 21
36 32
27 2
16 17
15 30
29 0
38 20
32 29
4 11
32 16
14 18
46 31
32 43
29 30
23 35
20 42
35 6
42 37
23 12
5 32
42 6
24 41
38 32
46 28
17 15
21 14
41 31
25 16
39 8
18 28
8 39
42 43
45 37
34 0
29 39
33 24
24 36
44 41
21 22
1 17
38 23
31 11
33 9
6 26
44 24
33 5
16 28
1 14
45 14
41 27
7 27
30 10
16 27
5 16
3 32
33 20
8 17
10 21
5 16
0 28
19 33
12 35
40 28
38 7
1 18
40 28
1 4
23 8
35 39
11 20
4 10
8 0
20 29
6 15
8 13
34 20
26 1
39 19
8 31
26 10
28 20
17 30
3 41
17 38
12 28
37 17
17 24
17 37
32 2
5 40
16 18
39 21
19 32
19 6
16 45
16 23
44 34
32 26
28 2
43 19
9 34
36 26
37 33
16 23
35 0
42 30
44 35
4 16
46 2
23 41
1 18
17 24
5 3
4 12
5 0
32 15
13 0
20 30
12 37
6 1
16 1
10 14
15 41
9 40
43 11
34 44
9 5
1 14
34 31
6 18
10 17
33 3
43 7
33 9
23 39
10 18
19 46
11 14
40 0
7 37
37 21
13 46
5 14
40 39
24 46
10 35
16 23
17 12
9 3
0 11
21 36
8 19
36 20
33 29
46 20
19 36
41 12
15 46
5 8
17 30
7 27
44 2
29 14
40 38
17 41
2 17
9 11
36 45
10 2
28 9
22 26
24 42
38 39
20 44
26 37
6 12
43 3
14 26
43 34
17 39
7 46
9 16
36 45
41 46
0 22
34 1
27 37
43 19
9 42
42 35
32 1
1 29
30 41
8 26
28 4
18 14
29 27
10 18
4 17
31 26
30 32
32 21
8 30
30 3
25 18
15 5
45 44
14 40
31 40
0 14
37 15
44 43
25 41
1 8
12 11
13 21
43 45
21 30
29 4
13 33
2 28
18 26
4 32
19 14
5 20
7 42
14 4
39 18
46 19
26 37
30 39
37 5
16 12
15 45
42 28
11 44
35 8
24 39
40 22
32 24
21 39
20 35
23 38
32 22
36 11
38 45
29 28
29 46
19 44
23 15
4 34
38 18
42 15
36 15
17 21
39 38
14 38
27 16
8 38
17 23
3 8
21 32
15 30
10 35
27 34
3 11
0 41
29 22
36 19
37 6
19 8
23 12
26 29
28 13
21 45
37 24
32 37
35 1
20 46
15 27
12 44
17 12
38 46
34 6
44 3
38 43
38 15
8 17
44 16
30 18
40 46
21 26
37 36
6 10
14 0
16 26
44 33
17 35
33 31
21 9
34 12
31 25
27 40
21 4
35 31
1 28
30 23
33 20
38 39
10 5
39 26
10 36
13 6
4 25
37 25
13 4
16 45
8 44
17 30
27 5
14 28
33 44
30 46
44 21
38 7
26 10
33 15
25 46
22 29
3 12
33 17
16 3
15 4
26 32
34 6
37 27
34 2
3 44
1 0
18 19
7 24
8 41
39 33
19 40
42 23
6 7
40 1
10 34
5 15
19 18
0 35
45 14
37 2
11 18
28 29
37 36
6 45
9 25
10 28
18 5
30 3
13 2
31 2
36 15
44 8
34 44
43 11
11 13
39 22
31 21
31 0
36 16
24 45
41 13
5 39
19 36
42 11
17 5
39 7
21 36
41 8
34 17
45 24
30 17
26 40
17 10
19 6
5 22
30 26
35 18
33 3
39 44
21 45
16 28
19 5
1 6
18 30
43 1
0 22
41 17
11 39
2 16
14 32
42 3
21 39
15 24
32 39
24 9
8 31
28 13
33 13
11 4
43 7
6 23
8 26
19 45
19 22
14 12
7 36
41 7
7 10
11 39
2 35
27 36
20 34
28 6
0 39
10 23
46 42
46 33
1 18
31 46
19 25
11 6
40 6
13 0
42 3
19 23
18 46
12 17
34 40
2 13
33 12
36 11
34 35
24 35
33 34
34 5
38 24
11 31
9 4
11 4
7 30
6 4
8 18
21 38
23 35
3 15
3 40
28 18
17 16
4 5
29 9
43 6
0 7
42 4
18 46
37 27
6 42
14 3
42 36
41 19
3 23
13 32
17 41
3 34
10 7
18 43
41 3
43 27
45 26
24 42
4 30
16 18
12 33
33 10
15 9
23 1
26 17
30 40
6 38
11 24
13 31
6 35
11 5
40 35
29 35
18 38
5 16
3 43
28 36
6 44
46 8
24 25
25 7
18 10
24 9
13 16
19 4
10 24
44 24
32 33
43 23
17 38
6 13
19 21
45 42
20 6
45 25
31 32
22 20
9 10
33 26
9 5
9 19
9 7
43 41
19 18
44 36
9 29
28 8
3 26
29 3
32 28
7 42
13 8
15 1
19 1
6 28
32 16
26 41
2 22
15 21
20 38
36 8
20 17
16 2
22 46
5 33
6 12
28 45
21 22
25 19
23 11
26 34
6 5
29 8
6 23
8 26
14 44
35 13
40 30
15 8
21 1
40 12
8 38
12 30
17 10
32 28
36 19
34 20
27 21
27 3
29 6
17 5
20 30
45 4
46 39
38 46
19 32
37 27
23 29
36 19
39 21
26 8
40 13
28 21
13 8
3 42
41 21
26 14
30 24
44 8
42 36
7 14
21 24
20 23
6 9
43 24
9 22
32 29
15 14
29 28
1 32
3 42
32 29
36 16
33 24
7 22
11 22
22 35
21 46
41 10
42 18
19 43
30 1
37 23
30 45
24 42
1 46
27 9
35 43
42 21
0 3
23 11
4 45
46 25
44 19
14 18
16 34
41 46
14 31
22 45
29 0
19 9
46 19
13 43
40 34
22 43
10 33
26 35
32 31
11 30
45 30
46 11
3 46
26 13
21 3
43 0
22 31
25 21
