24
19 4
15 9
23 11
15 14
21 22
20 0
15 7
19 1
23 3
8 20
6 21
20 22
11 7
8 19
13 14
14 10
6 15
1 9
6 7
6 5
3 22
12 3
9 13
2 12
14 22
19 11
10 9
15 13
16 23
9 22
13 15
0 11
7 1
20 13
9 2
10 4
16 14
7 2
20 1
14 10
16 1
13 18
11 4
8 19
3 17
17 9
0 17
20 7
11 17
13 12
11 15
16 4
6 16
22 2
9 12
4 1
14 17
20 17
22 4
12 17
13 22
2 5
7 23
13 18
8 18
6 11
9 15
15 7
23 5
9 8
18 13
10 0
7 22
17 21
18 21
14 23
19 9
4 3
0 9
13 0
3 12
11 13
3 19
20 18
0 22
2 10
3 4
10 2
18 19
23 12
17 6
3 4
7 8
7 17
13 23
13 1
10 18
20 5
6 14
22 4
8 13
19 10
7 14
2 12
23 0
7 4
7 15
3 6
1 16
5 14
9 7
8 5
5 14
19 3
11 4
11 9
22 13
8 5
7 12
4 7
20 0
6 11
20 4
4 1
10 14
9 18
19 14
1 7
17 4
11 20
15 12
19 4
20 0
12 9
20 11
5 21
18 8
17 14
13 16
23 3
1 10
15 7
3 22
16 7
1 12
22 13
7 18
9 7
22 10
4 2
15 17
20 16
2 21
15 18
20 19
11 22
2 18
1 0
10 0
1 23
14 22
9 15
22 23
2 1
9 11
13 1
5 16
14 20
2 11
7 14
1 9
8 19
1 11
19 2
2 10
8 0
11 16
22 2
18 16
20 19
19 9
13 0
17 3
21 20
6 20
2 8
6 2
19 7
13 14
2 7
16 2
8 19
18 6
22 4
15 10
0 10
11 13
11 5
8 0
17 15
20 11
15 18
13 10
18 19
16 20
2 1
14 10
20 9
9 10
13 16
20 13
2 0
18 5
21 19
5 14
10 18
17 12
6 3
6 1
11 18
20 12
9 22
1 10
23 3
23 15
16 5
10 16
15 13
10 13
19 12
7 12
5 19
18 0
18 12
4 0
16 5
22 9
15 22
13 7
5 12
15 13
19 23
2 6
12 21
18 19
9 16
6 19
16 23
20 21
23 5
18 22
6 2
12 19
9 16
13 1
5 8
16 7
14 4
20 1
15 21
9 21
9 1
14 8
14 3
0 11
21 14
17 23
2 5
0 11
21 13
4 3
14 20
2 20
16 15
21 7
12 6
5 13
0 11
22 6
14 22
9 3
12 2
19 6
23 19
9 21
1 14
16 15
2 10
11 19
1 2
6 23
23 19
15 10
17 13
16 7
22 20
11 17
15 9
16 2
19 5
19 1
21 10
3 8
14 22
1 7
17 7
6 16
3 22
19 12
3 11
12 2
7 23
11 14
9 3
9 20
1 4
21 22
7 0
22 21
15 0
4 0
7 2
8 2
16 3
15 20
15 3
14 18
1 21
19 20
6 7
21 2
4 20
9 21
18 22
4 10
18 20
18 21
4 20
5 0
3 1
15 22
15 21
9 8
18 4
5 16
4 2
19 8
14 20
21 1
19 1
11 13
21 2
18 8
18 21
1 12
17 22
21 1
9 1
22 17
21 17
4 6
7 1
3 0
20 21
4 1
10 1
20 4
19 4
14 9
5 15
