32
2 0
8 0
1 0
14 0
23 0
24 0
2 0
21 0
22 0
8 0
30 0
29 0
15 0
13 0
19 0
10 0
17 0
4 0
2 0
30 0
14 0
14 0
12 0
4 0
27 0
15 0
9 0
10 0
9 0
0 0
0 0
0 0
8 0
4 0
23 0
3 0
25 0
22 0
20 0
9 0
7 0
10 0
4 0
8 0
12 0
10 0
20 0
30 0
16 0
7 0
10 0
30 0
4 0
31 0
0 0
5 0
23 0
31 0
11 0
1 0
28 0
23 0
28 0
0 0
30 0
17 0
6 0
1 0
20 0
23 0
20 0
18 0
1 0
21 0
26 0
5 0
3 0
15 0
21 0
3 0
26 0
17 0
10 0
23 0
1 0
26 0
17 0
20 0
29 0
30 0
31 0
14 0
31 0
2 0
13 0
9 0
26 0
5 0
31 0
14 0
4 0
10 0
17 0
1 0
31 0
19 0
3 0
10 0
7 0
10 0
30 0
10 0
10 0
5 0
5 0
12 0
18 0
1 0
29 0
18 0
2 0
9 0
24 0
10 0
11 0
16 0
26 0
4 0
21 0
22 0
30 0
26 0
0 0
17 0
15 0
5 0
23 0
13 0
21 0
23 0
28 0
4 0
17 0
8 0
26 0
14 0
30 0
12 0
5 0
1 0
11 0
9 0
17 0
14 0
3 0
16 0
6 0
22 0
28 0
29 0
30 0
14 0
19 0
27 0
23 0
13 0
3 0
6 0
13 0
26 0
26 0
15 0
30 0
24 0
5 0
16 0
1 0
31 0
24 0
13 0
24 0
19 0
16 0
16 0
13 0
13 0
21 0
8 0
3 0
14 0
21 0
11 0
29 0
11 0
5 0
5 0
18 0
25 0
17 0
0 0
19 0
6 0
10 0
28 0
14 0
21 0
8 0
26 0
11 0
27 0
29 0
14 0
25 0
18 0
16 0
9 0
31 0
12 0
30 0
23 0
18 0
17 0
13 0
0 0
17 0
9 0
27 0
30 0
30 0
31 0
2 0
17 0
24 0
11 0
5 0
4 0
16 0
18 0
0 0
22 0
13 0
0 0
22 0
29 0
14 0
2 0
4 0
17 0
17 0
20 0
0 0
14 0
13 0
13 0
3 0
31 0
31 0
24 0
4 0
11 0
14 0
5 0
12 0
19 0
22 0
9 0
23 0
27 0
7 0
9 0
7 0
13 0
16 0
3 0
18 0
21 0
9 0
2 0
28 0
31 0
31 0
0 0
2 0
14 0
3 0
20 0
0 0
17 0
6 0
4 0
3 0
25 0
19 0
3 0
17 0
1 0
11 0
6 0
28 0
23 0
12 0
11 0
12 0
28 0
17 0
11 0
26 0
2 0
0 0
29 0
7 0
1 0
0 0
1 0
28 0
28 0
4 0
20 0
4 0
3 0
16 0
10 0
12 0
19 0
21 0
25 0
5 0
19 0
13 0
9 0
12 0
9 0
5 0
24 0
29 0
5 0
24 0
0 0
8 0
22 0
24 0
16 0
27 0
10 0
20 0
13 0
4 0
20 0
17 0
30 0
26 0
27 0
20 0
22 0
14 0
25 0
27 0
4 0
13 0
30 0
2 0
2 0
3 0
16 0
3 0
2 0
18 0
15 0
24 0
2 0
18 0
13 0
17 0
18 0
2 0
2 0
22 0
17 0
24 0
15 0
8 0
25 0
27 0
30 0
2 0
19 0
18 0
3 0
4 0
4 0
9 0
21 0
14 0
12 0
12 0
14 0
8 0
26 0
7 0
4 0
29 0
8 0
24 0
19 0
0 0
3 0
29 0
9 0
0 0
19 0
17 0
1 0
8 0
28 0
19 0
26 0
24 0
31 0
13 0
13 0
16 0
8 0
1 0
9 0
7 0
7 0
23 0
16 0
29 0
5 0
26 0
22 0
20 0
9 0
20 0
18 0
14 0
14 0
14 0
6 0
13 0
4 0
13 0
11 0
27 0
8 0
31 0
5 0
