34
17 2
24 33
18 21
3 2
32 12
33 1
11 9
13 8
27 28
15 25
8 3
5 11
11 2
4 18
18 16
10 28
15 9
13 10
20 23
8 7
23 17
26 6
31 1
7 33
16 6
16 27
19 27
12 21
31 17
6 24
7 24
18 22
7 5
7 27
3 15
0 7
27 14
4 2
21 11
26 1
27 19
20 6
15 18
23 29
16 30
19 8
27 26
14 0
28 17
23 2
17 30
29 31
8 5
26 20
31 27
13 25
21 8
31 2
0 28
32 16
24 25
24 25
18 12
25 20
3 23
22 28
19 18
33 2
31 25
22 3
26 9
28 21
17 33
24 17
27 30
33 25
21 32
17 13
10 16
33 22
5 22
16 33
14 16
1 19
15 31
22 16
6 16
3 24
23 1
7 16
31 15
16 27
21 33
14 5
15 14
27 29
10 18
28 32
0 3
17 23
0 6
5 6
30 17
30 20
18 12
10 24
1 26
25 30
33 5
1 15
27 29
18 11
21 12
9 21
15 27
18 23
7 32
29 3
15 0
31 7
20 16
31 29
8 30
25 8
2 26
31 3
29 15
15 16
1 24
11 24
25 30
13 32
28 8
10 17
16 7
24 2
23 30
31 6
26 22
22 2
23 27
6 18
16 21
9 17
19 20
15 11
24 28
9 26
10 27
17 1
1 8
3 32
4 9
12 4
5 8
7 28
1 13
21 17
8 30
8 27
24 31
12 23
25 30
15 10
23 33
11 32
15 22
31 27
5 17
31 11
26 12
13 1
33 8
27 15
12 9
9 3
7 29
0 32
25 15
16 15
22 1
21 11
24 26
4 29
10 14
10 30
28 11
30 10
4 11
23 14
28 0
21 24
0 27
23 18
12 20
19 0
31 9
26 10
13 2
28 27
20 24
29 32
