25
5 17
2 19
5 4
0 8
7 9
5 6
15 1
5 18
2 17
20 23
12 2
7 13
18 3
9 4
2 0
15 9
19 5
24 23
7 5
16 14
14 9
15 21
2 18
13 24
18 2
2 16
22 5
0 3
9 2
20 21
21 14
3 21
12 11
5 19
4 20
8 13
10 4
17 5
19 23
22 23
3 13
22 8
13 0
20 16
20 18
14 9
21 12
23 9
18 17
14 15
3 4
0 7
22 8
4 16
8 1
14 11
14 13
22 4
13 17
22 10
12 14
19 10
1 17
20 19
11 9
9 14
13 12
24 12
22 3
5 4
21 17
20 9
14 1
22 8
1 7
22 15
3 7
16 22
2 13
11 13
24 0
4 11
1 16
8 4
22 16
10 18
8 7
5 24
11 2
9 12
12 6
4 17
15 20
17 18
8 3
8 3
12 21
7 4
7 13
3 23
24 23
8 3
9 21
8 18
8 22
1 12
14 16
10 6
11 20
9 20
5 15
9 2
22 13
11 10
16 9
11 17
17 22
20 1
18 3
21 4
0 24
18 17
17 3
23 6
1 10
3 6
2 12
8 24
1 21
11 19
5 0
11 24
22 9
2 17
14 0
23 15
24 17
9 19
22 9
0 23
19 3
5 23
15 24
18 12
11 13
19 13
1 21
12 23
4 2
1 5
19 2
22 3
21 12
21 20
9 24
2 7
17 7
10 6
20 0
3 8
4 24
20 16
24 1
18 0
6 12
5 17
1 2
5 23
22 14
24 1
23 18
20 5
4 2
0 6
7 10
10 6
7 4
7 11
22 8
19 12
13 0
4 16
2 9
16 1
0 16
4 24
9 24
6 15
3 9
22 10
19 9
18 4
13 1
15 11
9 0
24 9
6 15
13 16
7 16
18 0
20 19
11 22
1 2
0 10
1 13
6 10
6 10
24 7
0 12
18 10
14 19
21 20
10 12
13 19
5 7
21 3
3 9
0 4
13 2
16 14
15 23
2 22
8 3
6 11
15 0
23 6
19 21
1 6
8 15
2 16
24 23
19 2
8 21
9 21
23 0
13 16
0 15
15 11
18 21
22 10
23 20
16 18
18 19
1 4
11 4
20 10
4 16
15 14
12 24
13 12
1 3
2 18
20 13
13 17
12 0
15 9
18 10
2 12
12 6
24 16
3 11
20 19
1 12
6 2
0 19
6 1
24 10
21 20
0 9
14 12
9 6
21 4
17 0
16 4
9 17
22 12
4 19
7 6
13 12
6 9
18 9
9 3
5 6
3 16
20 17
2 1
15 6
20 15
0 24
24 17
23 12
23 20
19 6
1 9
20 10
19 13
21 5
18 4
11 23
20 8
15 0
11 5
8 7
20 8
8 22
3 7
9 1
4 5
9 7
14 4
17 10
19 16
17 12
20 5
12 17
13 2
17 0
7 1
7 5
11 15
2 14
24 13
18 3
20 2
11 9
5 22
5 21
16 20
18 22
7 11
12 10
5 12
19 6
21 24
20 14
3 9
15 16
2 19
13 7
7 0
18 14
22 23
13 18
6 12
1 19
0 13
0 14
7 8
13 9
3 2
12 15
17 6
19 13
19 1
22 19
21 14
18 20
2 9
15 10
21 18
5 23
6 7
13 16
15 1
0 21
5 12
11 22
20 7
13 15
11 12
9 7
1 5
4 3
14 20
14 12
15 21
11 24
3 1
15 20
2 15
18 7
4 6
6 0
14 21
17 0
9 3
7 10
8 14
16 24
11 7
12 1
5 0
0 10
1 17
5 3
9 1
12 16
7 20
18 23
19 10
23 5
13 8
17 24
22 8
23 8
17 12
11 22
12 14
7 13
6 15
18 7
9 0
5 2
24 12
24 4
2 7
23 3
6 7
2 16
1 16
3 24
4 17
8 19
0 15
18 22
2 19
4 20
5 18
19 11
21 4
10 24
10 19
3 2
20 22
7 21
1 24
5 22
24 7
12 18
1 12
22 18
2 19
24 22
15 10
20 19
20 22
7 14
0 11
10 22
18 8
0 19
15 0
18 23
14 13
1 3
13 23
22 17
17 21
14 9
8 10
4 7
13 20
9 24
7 9
17 16
9 11
6 11
6 1
22 7
4 10
5 3
2 24
1 18
9 10
3 15
16 12
3 11
22 4
19 8
21 12
19 9
18 6
17 0
9 16
7 13
1 15
19 5
16 20
24 0
5 4
17 21
19 22
10 16
1 4
24 16
18 10
11 1
3 13
10 19
23 1
23 15
20 5
6 15
4 9
23 11
1 21
5 24
6 23
2 10
24 2
3 17
12 17
21 17
7 6
12 5
7 12
22 2
17 4
20 24
15 18
10 16
14 17
17 21
15 22
8 14
24 14
8 11
8 4
6 15
11 18
23 20
7 20
23 24
1 20
0 16
15 10
10 4
2 4
2 19
1 13
8 2
4 17
16 12
23 22
4 9
17 4
5 24
0 5
0 3
2 1
22 17
13 7
23 18
13 1
12 15
16 23
17 20
17 8
9 15
5 13
2 22
18 9
23 20
16 24
0 18
2 22
10 15
4 8
8 18
11 23
10 2
23 4
24 15
15 8
5 22
24 9
20 17
18 20
14 11
21 14
4 23
12 16
14 18
2 24
13 24
23 18
22 3
19 12
20 3
20 17
4 6
12 21
2 10
10 13
6 1
20 5
13 11
21 7
13 22
20 4
22 21
22 21
1 16
11 21
21 8
13 0
14 3
23 16
13 10
7 19
12 2
1 2
13 24
11 2
22 7
6 21
5 19
6 23
5 2
22 13
17 24
5 20
23 21
10 3
7 22
7 8
2 21
10 13
0 7
22 8
5 2
13 24
8 13
5 12
10 20
7 10
0 2
10 24
13 20
4 20
20 12
5 24
8 15
12 10
24 10
18 4
12 8
4 23
21 11
12 9
6 19
21 9
24 6
8 12
3 14
9 0
1 16
24 11
9 12
21 8
24 16
15 13
24 21
11 21
7 1
5 15
20 3
24 19
9 8
14 1
19 17
2 13
16 22
5 14
7 6
6 22
20 5
18 6
3 2
9 8
18 7
11 19
3 22
6 14
14 7
8 6
11 21
24 4
20 7
19 3
13 0
2 8
7 23
17 11
0 1
21 20
10 8
17 14
7 23
3 23
7 13
6 20
12 6
0 7
15 21
12 3
23 15
14 5
13 6
16 15
9 13
11 20
23 5
11 7
3 14
6 12
2 12
9 16
20 11
24 10
7 11
14 5
3 11
18 11
4 11
20 17
22 17
15 2
3 23
7 19
4 21
24 18
5 15
14 19
16 24
1 3
15 9
8 20
22 4
6 1
15 4
19 14
23 11
16 4
9 0
23 15
23 22
11 5
15 0
24 6
1 3
11 17
14 20
12 11
1 21
14 16
0 8
5 0
22 23
4 8
0 3
1 23
2 12
3 17
12 5
1 13
10 12
7 24
9 22
10 18
1 20
10 8
20 9
6 0
17 6
5 18
6 7
5 12
2 19
19 3
10 4
15 17
3 0
16 15
12 9
16 6
3 24
4 12
8 4
7 16
9 0
23 18
8 12
20 2
6 0
12 10
16 7
15 18
23 7
7 10
0 23
18 4
23 22
18 6
3 0
22 12
3 22
8 13
9 5
15 17
6 5
2 24
14 19
19 14
1 2
0 20
8 0
17 3
8 21
6 7
10 9
5 20
22 16
1 14
9 21
13 8
10 8
4 2
11 7
3 15
7 0
0 9
18 4
17 16
10 2
3 21
9 24
20 0
2 9
11 8
0 21
20 10
2 22
23 9
3 14
19 3
14 3
23 20
23 16
5 0
22 1
9 21
21 11
0 8
23 13
18 0
9 13
10 11
13 10
20 16
24 14
21 16
20 22
11 20
13 19
22 10
20 6
8 19
19 8
4 19
21 22
19 7
12 6
20 0
17 18
18 9
15 11
4 12
23 1
2 19
23 15
16 6
23 10
1 9
16 20
7 15
17 15
3 23
12 5
17 5
24 11
15 16
24 21
5 24
23 7
18 21
22 10
3 23
22 6
7 16
1 14
6 20
6 9
21 19
15 13
24 16
1 16
7 1
13 12
0 13
21 9
19 6
14 19
5 20
1 21
22 17
3 19
24 14
15 20
4 21
22 7
13 4
8 3
16 11
16 13
7 0
9 13
15 3
20 10
6 17
9 23
20 4
24 9
19 16
0 18
13 8
6 20
18 9
11 4
0 1
11 2
12 1
19 15
24 7
23 16
16 22
11 22
23 22
19 20
15 21
13 6
4 21
1 0
5 14
4 7
16 18
9 3
21 6
21 20
13 19
11 4
18 24
4 19
24 23
14 16
21 4
22 1
0 23
1 7
13 7
14 6
2 0
11 24
6 7
21 19
4 10
1 22
11 7
18 10
7 4
3 13
1 6
15 2
9 22
17 13
23 19
14 9
20 22
19 23
4 20
22 15
4 16
3 11
0 7
14 10
21 4
12 5
4 24
17 2
21 8
14 16
6 8
12 0
8 16
22 7
9 1
23 12
14 1
21 3
17 6
24 23
19 7
2 0
6 22
5 2
5 19
21 11
4 8
13 14
2 12
21 11
15 20
0 4
23 8
15 4
9 13
0 18
18 1
0 15
6 4
20 2
2 9
6 11
24 22
15 14
18 3
4 15
3 11
13 1
21 5
7 19
10 1
14 13
3 4
21 7
1 23
10 12
6 23
14 3
15 3
23 18
9 14
21 20
2 24
18 8
8 1
4 20
2 18
8 5
24 6
14 0
4 1
15 12
1 4
17 16
9 16
9 18
5 7
16 9
8 9
19 10
23 14
14 18
23 19
17 4
9 20
11 12
12 0
14 16
20 5
0 13
17 20
20 24
11 4
10 23
1 4
8 24
18 0
20 18
19 14
0 5
11 13
18 23
15 9
16 10
14 18
23 8
14 18
8 2
0 18
0 1
24 11
2 17
11 22
13 7
14 13
15 0
3 10
24 18
19 17
6 10
11 4
19 2
0 4
6 2
24 7
5 23
20 7
17 8
7 5
15 21
20 7
23 17
24 19
13 17
0 24
5 6
20 7
8 24
13 10
23 22
15 23
19 0
15 2
9 23
20 7
20 4
5 19
22 5
15 10
24 15
11 6
21 6
13 7
5 3
17 5
3 10
3 24
10 21
4 21
21 1
3 16
5 8
12 4
15 2
15 16
19 3
22 18
10 12
0 17
18 17
23 21
4 3
22 16
1 12
22 2
15 16
8 1
3 12
18 8
4 10
2 8
9 20
20 22
22 12
17 12
15 21
18 12
13 19
14 0
19 18
18 10
3 19
15 16
12 23
22 24
1 7
11 23
2 10
21 17
2 13
6 17
11 24
4 24
21 20
2 15
14 20
2 17
16 17
10 3
18 10
5 19
17 16
19 22
1 15
16 5
5 22
22 19
22 3
20 18
1 22
10 17
19 14
11 10
8 22
14 1
9 21
20 3
12 17
0 15
7 18
20 15
16 19
9 15
22 4
10 23
4 20
15 23
11 4
9 19
3 0
21 12
21 18
15 10
10 18
2 20
11 24
12 4
18 23
19 15
4 16
8 1
8 9
12 20
9 15
20 7
4 18
0 20
5 13
15 9
10 3
8 24
8 1
22 4
18 3
9 14
10 20
23 0
9 18
9 0
15 16
6 8
18 3
15 8
18 24
18 24
7 19
7 8
18 13
1 22
22 13
11 8
8 9
10 17
4 19
19 10
1 4
5 4
19 14
0 20
7 24
2 4
8 12
22 21
15 19
21 3
7 6
13 18
16 8
22 10
4 18
22 5
22 2
12 18
16 12
13 1
13 17
5 23
6 2
19 22
24 15
2 6
21 18
0 12
1 24
24 7
18 23
13 17
1 2
11 19
16 1
20 6
21 2
4 2
5 23
1 6
16 4
12 14
22 14
4 0
14 5
7 9
4 22
1 5
1 14
1 17
18 22
23 14
1 2
18 8
3 20
14 21
1 4
12 0
18 16
0 9
22 9
20 1
9 24
8 10
13 9
5 8
8 5
22 10
8 18
20 13
13 10
11 14
14 23
16 9
17 16
19 14
2 16
17 13
15 2
24 4
13 4
14 24
9 12
11 19
7 6
9 20
16 22
11 7
21 2
17 13
20 13
4 24
4 23
13 20
0 14
1 15
18 15
14 4
4 2
1 11
9 12
6 2
10 19
10 8
23 4
23 20
17 2
20 21
0 10
18 2
24 19
19 10
11 0
14 13
1 24
16 9
4 3
6 16
11 4
20 9
0 14
13 22
12 15
7 6
17 6
0 13
2 10
24 2
2 13
6 5
14 22
14 18
2 20
9 13
2 6
24 4
20 12
1 8
2 10
14 21
18 16
9 20
4 11
24 6
24 5
13 15
4 2
11 6
0 20
19 4
4 18
8 1
7 11
9 21
0 7
16 19
19 13
23 5
12 6
6 18
19 21
22 23
7 4
23 5
0 2
11 21
12 3
23 24
15 21
1 24
12 20
18 0
18 23
13 1
4 6
22 1
5 21
10 11
21 15
12 24
1 8
11 16
13 12
15 3
8 16
3 21
12 23
21 7
22 11
11 1
19 8
4 0
4 15
11 1
7 0
2 11
10 15
2 24
2 17
4 11
10 9
9 22
8 7
7 5
19 18
6 15
1 13
15 8
5 4
9 12
6 11
0 17
3 2
16 6
21 20
19 9
5 3
8 13
12 15
20 6
10 3
22 14
16 14
22 21
20 8
11 2
21 11
19 24
16 12
5 14
9 1
23 16
6 7
6 19
24 1
0 10
5 24
1 23
16 23
20 13
6 8
15 4
19 11
3 10
0 11
2 10
12 0
1 19
9 10
13 11
11 15
23 18
17 24
17 8
24 14
21 7
22 14
11 18
2 14
6 3
0 8
15 13
10 18
9 22
3 22
8 17
12 6
10 4
5 4
14 4
20 13
11 19
2 24
13 6
13 19
11 14
4 1
4 16
22 13
13 2
12 21
21 1
2 7
8 9
13 22
15 11
12 1
5 14
0 20
23 16
16 9
7 20
13 11
12 1
2 14
15 24
11 16
3 20
1 13
10 1
3 21
13 7
2 3
9 22
3 0
14 12
7 11
0 20
0 12
23 3
4 13
2 15
7 5
12 8
20 22
9 24
19 23
6 23
3 15
22 6
18 13
20 0
2 21
21 2
10 19
7 14
10 9
6 17
17 18
2 12
18 12
13 14
12 21
14 15
12 11
23 5
2 18
7 4
16 5
8 2
2 16
18 12
2 6
19 22
8 9
15 22
24 4
9 21
20 1
10 7
1 15
11 20
24 15
13 5
23 15
7 14
11 19
17 13
0 13
10 24
3 8
24 9
17 20
5 21
5 14
22 0
19 23
15 8
3 15
23 10
7 11
6 1
1 8
16 12
19 16
17 4
17 1
21 14
6 19
19 20
17 18
20 11
16 12
19 22
3 20
7 12
8 16
13 10
24 4
22 20
22 16
24 14
17 23
3 24
17 24
21 11
19 17
23 13
6 19
10 11
16 19
23 0
10 13
10 20
9 7
17 0
7 9
19 5
14 18
24 16
17 11
12 11
11 0
17 7
10 4
24 7
4 1
17 18
13 4
15 22
12 7
24 19
18 1
10 14
0 1
8 11
13 19
24 16
11 7
3 17
6 10
22 7
3 17
22 9
7 21
21 16
20 17
10 15
18 22
6 21
0 14
9 13
10 9
6 22
16 10
16 24
20 13
8 0
5 10
12 1
8 6
23 1
16 15
21 15
24 19
15 4
5 1
13 12
0 6
24 16
5 19
5 13
22 12
18 9
2 19
17 8
19 20
1 9
17 18
8 11
8 24
15 13
2 5
2 11
1 18
18 23
0 6
20 15
24 4
17 20
23 2
16 19
5 1
11 23
11 24
6 12
17 21
14 24
24 18
11 0
12 4
0 14
13 22
4 14
3 23
12 2
2 3
21 9
4 9
7 18
