31
6 16
13 10
9 11
2 26
21 24
17 7
17 0
9 14
19 27
12 26
21 4
2 6
22 5
5 19
12 2
23 28
15 3
6 24
3 0
13 22
22 30
27 6
28 5
20 15
1 8
21 3
9 27
23 14
30 11
26 1
3 21
16 4
26 8
5 24
21 25
15 18
21 14
26 10
27 26
9 4
14 12
11 10
4 23
10 13
16 9
14 7
26 19
0 1
22 24
22 17
8 7
7 29
21 1
6 15
25 15
18 8
27 29
18 29
22 26
11 5
5 25
12 29
11 10
30 3
3 19
18 9
26 25
7 15
24 11
30 18
26 17
24 20
14 12
18 3
5 29
8 22
19 6
2 29
3 2
22 21
9 16
14 15
29 7
26 24
20 11
17 9
25 27
26 28
0 24
3 8
13 22
15 16
21 16
17 21
6 8
30 22
20 14
18 25
8 13
16 28
24 3
6 16
28 1
11 28
24 15
6 4
6 19
18 25
4 5
15 10
11 13
30 0
27 17
25 4
29 11
30 20
12 6
6 7
5 15
3 27
30 9
1 4
26 19
29 28
24 14
8 4
27 5
2 21
21 28
24 19
6 23
6 16
27 10
23 2
26 29
23 2
30 27
26 19
26 24
10 7
30 13
1 4
15 20
23 10
13 9
14 4
16 30
0 24
21 0
19 14
30 10
17 27
6 10
13 30
3 22
4 0
4 5
3 19
26 28
6 5
11 10
19 11
9 12
1 9
30 13
6 9
30 1
13 8
14 11
9 3
15 10
7 19
13 25
14 6
22 20
9 2
29 28
11 7
8 10
16 5
24 23
12 21
22 25
29 5
3 8
7 19
16 14
7 29
6 19
2 28
6 12
29 2
7 9
13 18
24 18
9 14
28 30
5 21
27 8
24 4
15 10
20 28
15 16
3 16
30 8
26 10
3 2
18 14
18 11
0 27
23 28
27 28
18 23
5 12
25 19
22 12
16 7
26 17
8 9
14 5
9 25
6 10
12 20
28 21
20 25
13 18
19 10
3 9
13 15
1 30
5 13
15 10
6 0
16 15
14 0
20 22
23 26
1 2
14 27
23 3
19 5
19 7
13 21
14 24
3 15
22 8
28 4
16 1
4 0
17 0
4 8
21 0
9 23
12 5
15 23
18 2
30 29
23 14
20 26
29 11
2 25
16 24
20 16
10 6
14 13
12 4
11 19
27 23
23 11
5 15
27 7
14 25
28 26
13 22
23 24
22 15
9 7
8 28
24 17
1 5
30 14
10 8
2 6
0 25
16 5
7 12
11 22
5 6
15 18
28 7
9 19
20 17
25 27
12 16
13 21
10 25
0 18
26 5
16 18
21 26
0 30
15 3
6 28
19 3
5 29
21 23
13 15
19 25
0 1
5 19
9 29
18 25
22 23
10 9
11 30
2 9
29 15
13 4
13 30
6 16
28 27
8 9
28 2
7 27
8 26
4 13
29 26
3 7
2 14
6 5
24 2
18 4
7 0
3 13
14 30
7 23
7 16
18 8
23 14
14 16
16 18
30 15
13 0
20 15
15 26
18 6
26 4
8 2
4 11
13 17
8 18
9 14
3 25
22 24
8 5
10 23
21 7
7 3
7 27
16 22
20 2
26 13
6 3
16 8
13 27
25 21
15 1
2 16
26 24
10 2
27 18
25 17
25 30
18 1
26 2
22 13
4 17
26 10
19 9
18 30
4 13
18 17
12 21
2 8
12 10
10 9
28 4
24 22
3 10
22 27
12 13
7 16
28 0
24 14
8 9
13 12
20 1
29 2
20 29
10 1
9 18
8 4
20 0
25 21
10 16
15 20
27 22
5 22
22 27
4 28
5 17
9 26
16 5
28 5
4 5
7 11
23 13
15 12
13 9
2 23
23 17
12 19
6 15
11 26
9 15
24 15
30 2
10 14
6 5
19 10
10 24
21 2
7 3
12 18
11 14
11 3
29 21
23 4
4 1
28 13
14 21
28 11
22 5
25 28
10 14
5 18
5 24
20 10
27 1
29 7
13 7
11 9
26 1
