32
16 12
31 23
10 18
6 25
7 28
4 31
3 17
28 6
6 1
28 15
0 9
5 9
1 17
7 27
29 27
13 10
26 5
20 13
11 14
20 8
18 19
11 4
15 17
10 16
14 25
16 23
30 26
25 15
1 20
12 31
15 25
9 10
30 29
23 10
11 18
30 29
2 13
15 12
30 29
5 14
20 3
8 13
18 10
2 30
9 17
23 18
27 22
15 18
0 27
29 18
25 27
15 27
9 30
7 27
12 21
16 15
30 29
1 8
31 17
17 22
3 12
12 18
31 12
13 28
30 6
24 14
1 12
8 20
29 24
3 27
21 4
3 21
3 20
6 26
23 18
6 10
17 19
23 14
17 30
6 31
31 7
12 8
15 20
28 12
12 0
8 1
4 11
22 8
0 28
2 23
15 8
1 0
27 25
14 13
23 20
12 22
27 24
30 10
12 27
23 24
27 31
26 31
10 16
7 10
13 9
2 28
18 3
28 13
28 11
26 19
31 7
10 27
31 8
5 12
3 28
4 30
27 30
30 6
15 5
16 28
15 18
24 1
22 20
14 18
31 9
6 31
16 26
15 24
31 27
28 0
26 23
30 24
29 13
30 14
9 13
0 1
14 22
22 28
9 21
5 15
20 21
31 14
5 23
14 0
19 10
0 14
1 31
6 31
12 4
13 22
17 13
23 31
4 13
28 13
3 1
28 23
23 27
6 28
18 20
28 6
30 29
20 31
28 26
30 8
31 11
30 16
25 22
16 29
3 12
10 6
13 6
30 4
1 4
0 19
24 29
25 22
26 13
21 22
8 20
30 7
31 29
23 24
19 7
21 22
19 31
29 1
5 27
5 6
31 6
26 23
3 19
13 29
1 2
19 9
22 17
16 22
14 7
14 1
15 4
24 2
3 21
3 9
16 9
15 9
6 18
29 19
15 30
21 2
7 12
19 23
2 30
16 3
13 20
27 16
24 16
19 1
0 28
16 15
11 26
21 29
23 8
12 21
30 14
28 10
2 19
12 4
17 28
7 31
17 3
15 9
19 2
10 20
31 26
3 10
20 25
8 11
1 20
0 31
3 28
9 5
15 21
9 1
18 16
0 3
19 15
12 7
17 22
27 16
16 30
27 5
23 3
16 25
23 17
24 26
13 2
31 29
23 8
30 9
25 30
12 13
24 19
30 14
14 15
31 13
10 4
4 13
20 29
4 5
22 31
19 24
30 16
15 7
14 25
0 12
5 12
25 30
0 23
12 14
6 11
27 16
15 0
29 4
29 2
9 19
1 28
11 31
12 27
6 26
20 6
6 25
19 31
23 19
23 4
1 29
15 29
14 31
29 11
3 26
13 12
14 9
25 14
21 20
20 16
8 27
22 2
14 22
25 1
13 29
2 10
13 31
24 12
28 4
15 23
17 27
5 0
4 30
14 26
19 2
10 27
29 0
29 11
22 23
12 3
20 15
14 1
14 6
13 11
10 28
2 28
24 7
28 5
10 22
24 12
0 20
10 1
17 21
23 8
2 27
29 17
9 30
31 15
12 10
26 8
12 22
0 19
18 29
25 28
19 17
8 20
5 18
21 23
8 12
31 10
7 28
27 16
27 26
0 7
5 26
15 17
16 5
2 13
30 0
15 6
20 21
25 9
12 1
22 11
11 29
8 6
14 3
0 14
10 5
8 25
23 24
9 28
26 22
26 24
23 9
30 11
30 23
21 10
24 11
22 3
8 30
9 22
1 10
4 11
15 12
4 6
4 14
2 30
4 28
22 27
6 21
7 4
12 28
15 5
7 5
8 15
3 18
6 4
28 10
15 11
