24
21 5
12 18
2 15
7 9
13 23
23 5
8 6
1 22
19 20
10 2
18 3
18 15
11 16
0 15
15 14
2 12
19 14
23 13
21 6
23 11
21 14
8 21
13 10
20 8
22 6
10 8
1 21
23 5
13 16
12 21
6 14
1 18
20 0
7 18
6 22
21 4
13 21
1 2
7 21
10 22
20 13
6 13
10 6
18 15
22 6
4 20
12 6
14 9
6 14
19 5
12 16
1 13
18 19
13 8
6 3
4 11
1 17
13 23
4 20
13 2
1 10
15 7
16 0
5 6
11 10
19 11
12 8
22 8
13 6
6 8
10 17
10 19
22 9
15 18
23 18
19 9
9 2
1 0
0 12
10 19
7 14
23 7
12 7
13 10
5 21
20 22
7 12
9 15
7 8
9 2
9 18
21 2
11 21
2 15
23 13
22 5
13 21
9 12
10 19
18 0
7 8
23 7
21 8
22 4
8 7
22 17
17 11
12 4
0 14
11 0
4 9
21 9
22 7
13 1
18 7
1 2
8 16
9 5
1 23
1 6
15 19
15 3
7 11
3 13
22 19
9 23
9 10
21 16
0 22
2 7
15 4
15 8
5 12
1 4
13 2
2 5
13 17
0 12
20 3
2 18
15 3
17 0
14 15
8 14
5 10
13 21
7 21
21 12
9 22
9 15
16 3
20 22
21 20
10 9
15 4
4 22
8 21
22 14
4 6
20 2
9 15
16 6
12 20
8 2
21 23
10 1
19 8
14 7
19 23
14 15
3 13
15 17
3 5
13 2
1 15
11 3
6 19
1 18
15 9
12 13
8 23
6 19
7 20
18 19
9 10
15 14
1 8
9 23
13 11
0 5
14 19
3 9
21 14
17 6
2 22
7 1
4 2
1 16
21 19
11 22
5 18
12 23
2 21
22 8
1 14
13 15
10 16
17 23
6 10
21 1
0 4
18 20
7 19
12 4
7 23
18 4
10 6
19 4
19 17
12 0
1 20
2 10
13 1
8 15
22 1
7 19
20 3
2 7
15 22
6 16
11 16
14 22
21 1
16 9
6 8
3 2
10 5
15 3
13 22
17 7
5 12
3 8
14 2
23 4
9 5
12 14
18 10
11 20
18 20
2 23
20 4
20 11
7 10
1 17
22 13
