31
15 11
17 13
1 9
6 21
29 9
19 12
3 21
22 23
8 25
10 8
24 14
1 20
8 27
2 15
12 2
0 27
13 16
7 13
25 14
3 22
21 20
3 24
11 25
14 17
17 24
25 9
5 24
29 11
21 0
25 2
2 23
27 14
8 4
25 3
18 28
23 6
16 26
30 25
19 14
11 3
5 4
12 9
28 9
20 18
7 14
18 8
7 15
22 15
17 14
16 2
11 8
8 25
2 7
19 0
20 23
2 1
30 9
21 16
16 3
3 24
10 16
13 23
2 27
7 2
6 13
10 0
15 16
18 1
4 16
22 25
18 22
26 15
29 15
29 14
16 0
6 24
16 17
16 17
12 23
19 16
6 30
14 19
15 1
19 17
17 8
10 2
30 3
18 26
16 9
1 16
13 25
0 29
9 17
10 30
3 26
3 0
7 23
13 9
9 0
24 17
10 27
14 13
14 9
28 30
16 29
14 30
24 14
28 0
29 5
30 1
29 3
2 5
24 15
14 2
13 6
19 21
2 0
2 16
9 30
13 25
28 25
22 19
8 17
19 6
22 19
8 18
20 8
24 13
23 5
13 6
11 30
27 13
30 29
27 8
26 8
0 24
2 23
10 11
7 30
15 28
16 21
15 5
29 8
16 22
12 27
26 23
26 20
4 25
17 29
0 12
6 0
3 7
21 14
16 27
13 0
24 27
22 8
30 20
15 13
9 27
9 2
17 4
23 19
27 7
18 25
17 22
23 21
29 12
4 14
8 15
13 1
9 4
7 8
22 21
30 16
28 1
1 30
22 20
26 27
5 18
14 26
10 4
24 22
6 30
19 29
28 21
6 5
12 26
24 9
12 21
11 13
18 0
0 13
28 4
0 11
30 8
13 23
0 17
27 30
5 13
27 2
3 2
5 14
28 27
23 7
15 1
20 2
2 19
13 28
23 13
8 22
19 12
19 5
9 17
10 20
13 10
24 15
13 5
10 9
28 18
22 28
5 24
30 24
6 27
14 17
2 3
5 21
16 25
24 23
9 1
12 22
11 3
4 22
8 14
0 4
30 20
1 5
13 29
27 19
23 11
3 25
14 8
13 28
0 6
20 7
5 0
29 14
3 0
5 12
13 3
16 12
23 15
17 5
13 12
22 5
23 25
28 4
0 10
2 30
14 20
6 17
20 3
0 24
1 5
3 14
8 17
27 29
1 11
3 12
23 17
13 15
12 18
13 22
18 12
3 7
17 20
28 18
20 19
19 23
22 3
29 6
28 27
7 8
28 17
30 20
3 12
2 13
30 15
4 17
26 5
23 10
23 20
28 10
8 16
2 28
17 29
3 14
25 10
21 22
25 20
9 28
1 9
8 30
22 10
14 17
15 6
25 5
24 20
15 30
6 15
27 21
13 30
3 5
7 24
25 1
13 3
27 12
10 4
9 1
14 22
17 27
26 11
1 18
1 14
17 5
29 14
24 9
13 27
14 19
20 8
20 0
9 17
11 19
19 18
19 3
9 5
30 3
14 30
21 13
13 7
18 10
19 10
17 2
6 1
21 27
7 8
25 15
23 5
3 12
24 20
15 0
25 12
1 7
9 20
20 21
26 6
0 14
16 17
16 22
16 4
16 22
13 11
6 3
14 9
15 5
28 4
22 8
5 27
17 24
17 7
19 23
5 2
6 21
17 26
6 19
12 28
30 21
1 3
2 11
18 8
6 16
10 28
24 13
25 8
6 9
16 25
30 19
28 5
9 12
0 14
0 10
11 0
29 13
3 1
22 21
7 28
4 17
23 28
30 15
6 22
20 29
21 8
24 18
5 23
1 4
2 10
4 1
21 7
0 10
26 7
5 0
24 27
26 21
9 30
25 1
19 24
22 26
15 14
11 19
6 10
23 6
20 27
5 9
1 5
17 27
12 23
27 3
17 21
25 26
20 19
27 9
10 17
2 26
0 13
14 4
23 6
10 0
16 17
1 21
4 28
1 25
23 4
11 13
29 6
0 16
1 9
26 16
9 19
14 22
2 18
12 6
28 23
6 11
9 5
0 11
3 1
5 24
5 16
4 2
23 4
16 22
12 11
7 21
0 21
11 0
8 23
5 3
13 11
15 21
17 15
1 18
14 7
9 17
23 11
19 13
15 4
2 25
14 9
16 12
28 25
10 5
17 15
7 29
25 20
19 11
2 20
27 16
27 3
2 18
14 20
0 27
22 3
22 3
10 5
13 8
28 24
11 12
8 18
10 2
5 29
11 7
19 5
21 13
6 22
0 20
9 30
15 29
0 4
2 8
7 15
16 4
6 28
16 13
13 27
15 17
23 25
24 9
28 13
23 4
4 21
22 11
18 6
9 16
10 9
25 15
23 10
19 29
5 3
11 17
30 25
3 22
19 25
1 16
7 22
18 9
10 20
29 16
28 14
25 6
6 7
29 17
27 26
20 30
6 27
0 9
16 17
4 15
1 9
6 19
19 15
29 6
13 3
25 5
8 30
12 4
16 6
30 3
3 6
10 30
4 17
16 20
19 29
21 29
5 7
15 20
4 19
0 17
21 23
20 29
22 30
2 5
4 2
7 6
17 5
8 1
19 28
19 17
18 15
20 24
30 7
28 16
7 14
6 29
1 2
18 29
5 22
2 5
29 10
9 13
15 17
12 1
15 0
18 0
15 8
24 12
15 21
29 21
2 19
1 5
4 0
8 26
2 11
22 12
20 4
25 6
17 26
19 15
12 20
0 20
11 10
4 2
8 25
2 9
11 4
14 4
20 7
6 0
30 17
20 1
9 24
16 3
13 1
15 0
30 4
11 9
6 11
16 30
14 25
8 16
6 22
20 26
28 24
26 27
10 13
26 18
6 12
21 17
11 5
15 10
9 27
17 15
5 2
14 19
27 21
4 2
12 22
28 9
16 21
3 24
3 30
11 8
9 1
23 18
6 8
26 13
2 12
27 7
15 8
25 11
29 27
12 11
17 9
18 2
29 20
24 30
17 5
5 26
4 29
11 4
6 22
6 18
18 11
2 27
3 12
23 29
24 1
15 0
20 15
29 9
6 29
26 9
3 19
14 1
30 23
3 5
14 7
21 0
17 24
25 20
5 17
16 29
19 29
29 8
11 26
15 18
24 8
27 10
27 24
0 28
27 15
5 17
15 22
10 9
9 13
24 9
