42
39 33
41 29
28 34
24 8
28 31
23 12
20 24
16 3
13 12
24 27
40 27
17 41
10 33
21 34
16 29
14 11
19 13
40 3
3 21
10 31
10 33
0 28
13 16
31 27
26 11
10 25
38 25
22 4
16 1
37 31
30 7
0 5
20 39
9 22
18 19
11 26
10 11
12 22
25 41
5 10
8 15
35 2
39 15
6 13
14 1
2 0
8 3
6 27
0 15
7 16
34 16
0 26
10 20
9 25
17 15
39 8
17 36
21 23
5 35
23 8
36 29
9 0
12 7
15 17
23 5
32 23
3 16
33 24
23 40
7 39
13 2
5 28
38 27
9 2
20 30
8 14
16 15
12 28
22 25
2 1
30 34
22 34
6 11
16 27
9 21
24 20
24 28
6 18
13 18
31 0
24 2
16 39
14 0
17 40
2 18
26 34
40 16
38 9
30 22
16 10
4 34
32 38
6 1
8 25
33 8
5 33
22 3
3 22
20 1
23 37
26 13
35 0
10 1
31 32
15 39
34 8
27 23
2 31
22 10
12 11
18 2
40 21
6 19
39 5
0 34
31 11
26 30
21 25
17 9
40 12
0 4
37 21
7 26
1 17
39 13
34 15
13 32
34 19
9 31
23 7
24 10
19 8
40 38
33 13
4 29
25 2
34 20
23 39
3 24
14 0
35 6
13 7
37 5
24 2
36 5
10 16
16 27
22 12
21 11
26 23
41 7
25 31
28 6
28 29
29 0
29 22
5 0
27 0
3 10
2 39
13 10
14 27
35 34
38 13
4 22
36 3
29 20
34 13
24 18
0 11
18 27
32 21
25 15
21 28
23 22
26 37
30 38
20 22
30 16
35 32
38 29
35 24
5 25
35 30
1 34
39 18
19 27
39 3
1 17
31 24
37 13
17 23
7 38
3 36
12 38
26 7
24 18
29 1
22 15
1 14
11 19
32 38
14 35
37 31
22 20
24 34
37 6
39 33
9 31
2 4
16 9
28 32
38 13
33 16
27 34
29 38
9 19
32 24
10 28
11 30
6 36
20 41
0 18
31 7
7 33
9 21
40 37
11 34
7 3
8 34
35 30
3 12
20 25
20 4
36 9
10 30
29 8
28 5
39 34
11 28
1 32
24 37
2 16
2 3
22 36
36 14
22 37
26 40
20 5
3 15
12 11
1 41
19 28
3 14
20 12
40 21
0 22
14 0
36 16
3 15
10 38
29 30
33 11
29 12
14 32
25 26
1 26
24 19
12 25
31 30
35 30
8 35
8 22
36 1
39 37
16 5
33 1
36 23
12 23
33 25
11 16
7 10
40 31
29 9
12 19
37 5
5 3
39 13
26 33
12 21
28 26
18 27
18 39
40 41
30 21
10 2
28 21
0 16
6 7
28 23
3 32
26 6
29 38
30 18
8 7
2 37
34 18
22 8
15 18
8 3
37 16
5 24
35 4
40 9
24 19
12 4
17 39
0 3
13 8
11 16
3 1
34 24
9 8
40 15
9 36
30 13
16 21
17 12
19 26
36 39
37 5
1 10
2 41
11 16
7 22
30 9
21 22
31 28
29 2
38 21
30 9
37 10
24 7
27 6
0 22
41 5
21 9
5 20
21 19
28 41
7 37
21 28
24 8
14 11
8 31
39 15
26 5
37 32
32 2
32 13
1 35
34 9
40 13
28 18
39 25
23 32
2 9
14 8
22 23
17 30
12 2
37 17
39 27
7 39
15 18
39 8
11 6
4 22
32 22
17 15
2 5
18 11
19 24
33 40
41 20
11 9
22 4
26 17
31 32
15 4
8 12
10 17
16 14
37 6
35 12
19 37
17 35
6 34
18 38
33 17
16 0
25 36
4 9
11 33
39 24
37 6
36 3
21 10
17 14
10 27
34 3
1 27
10 35
3 4
24 19
18 24
2 12
26 9
21 17
7 4
10 11
40 13
32 7
29 5
21 37
33 11
41 32
37 7
25 40
11 6
15 29
28 15
39 13
23 18
28 22
39 21
8 27
26 37
31 5
33 20
15 30
10 37
35 6
4 39
22 31
26 35
28 39
14 4
25 0
27 20
37 4
29 23
30 22
12 33
13 32
6 41
40 16
36 33
23 38
31 1
27 13
36 13
10 9
16 33
7 1
12 3
3 39
26 33
19 36
24 31
24 31
30 22
5 23
11 26
19 40
27 5
9 20
16 19
27 32
9 34
31 21
37 34
16 19
25 35
11 6
24 33
37 11
11 40
34 21
25 11
19 10
14 29
28 29
4 13
17 11
6 7
30 1
41 4
21 23
40 30
29 20
22 31
33 20
23 12
1 33
30 10
3 15
38 30
17 10
6 29
16 13
17 15
10 22
34 33
18 23
18 38
3 40
28 34
17 7
5 18
38 35
28 40
6 23
28 23
33 34
10 5
3 28
18 14
8 11
3 26
32 22
20 35
18 4
25 35
10 30
10 6
21 36
2 27
17 31
9 6
21 17
9 23
3 28
35 9
37 38
33 27
16 10
18 33
14 1
26 24
30 34
29 9
29 31
35 2
18 0
7 38
17 16
19 0
10 26
35 6
16 18
21 26
36 12
40 36
36 23
24 29
10 31
14 39
22 16
16 22
23 10
38 27
13 36
37 39
30 1
13 6
20 39
41 32
38 33
25 17
13 12
25 2
24 20
23 40
36 3
20 2
39 14
29 10
8 24
6 36
24 19
41 2
15 38
33 9
29 16
24 0
26 7
0 8
25 23
4 18
25 24
20 36
8 31
3 30
35 37
12 10
36 15
25 32
4 32
17 18
14 17
0 19
18 8
3 39
10 21
22 33
39 1
27 5
30 36
23 26
6 31
18 19
15 7
21 3
24 39
18 0
39 35
16 3
36 13
14 13
34 5
11 33
32 16
19 8
40 1
13 29
17 30
0 24
10 4
7 5
20 5
1 13
19 4
6 30
16 19
22 19
30 11
8 3
28 25
11 26
26 24
12 1
11 12
24 21
16 29
24 34
34 25
4 9
28 10
39 2
29 18
20 16
29 28
19 14
11 30
38 35
11 8
34 22
21 16
41 35
1 23
26 33
5 30
0 33
40 33
25 16
11 41
1 37
18 15
4 5
12 39
14 18
30 36
37 2
33 29
4 12
13 37
15 1
38 6
39 36
38 22
8 7
20 9
1 38
23 5
41 33
3 13
9 33
5 3
35 36
32 37
7 3
33 22
4 29
27 41
21 23
19 29
28 39
36 29
34 15
35 33
6 36
5 14
25 10
17 16
5 7
12 10
8 3
30 10
30 13
9 36
28 36
21 26
28 8
18 2
41 7
8 35
12 20
18 21
37 35
24 0
3 32
8 6
20 18
34 25
41 26
12 33
5 36
19 12
10 21
11 17
28 5
28 6
21 5
0 12
29 0
15 19
7 19
37 23
9 29
7 8
12 17
41 15
11 19
27 21
38 39
36 24
0 20
29 21
25 29
32 12
27 3
29 34
21 25
16 30
10 21
39 20
38 36
36 7
11 21
26 8
16 18
30 16
39 17
36 22
4 24
33 30
27 18
22 6
1 36
37 10
13 32
30 9
24 14
36 2
38 0
18 15
30 33
10 6
25 30
8 7
19 38
34 38
17 39
39 9
32 5
23 22
36 32
2 16
3 38
16 41
38 33
12 27
24 20
31 7
9 39
12 28
34 2
24 7
41 20
16 31
25 37
9 17
26 12
32 29
6 26
3 39
37 28
19 15
17 24
22 12
36 7
2 39
29 9
36 5
24 26
29 19
33 4
3 1
36 32
8 41
15 11
38 10
37 14
23 12
38 2
22 33
9 25
28 36
32 22
0 14
4 29
34 36
31 37
37 24
26 3
23 41
12 19
7 31
30 17
28 32
40 17
39 21
3 34
11 23
32 26
26 17
16 20
6 11
15 30
35 19
9 32
29 27
39 37
16 26
10 2
14 6
19 12
27 20
2 37
0 32
19 26
7 35
2 11
2 17
40 36
34 7
26 22
34 24
15 9
6 25
9 20
32 29
32 15
5 32
8 3
22 27
27 18
29 39
19 5
35 13
37 0
37 17
33 17
32 0
23 14
9 2
2 36
32 17
40 23
26 41
1 9
27 29
26 14
24 1
17 12
13 15
7 28
6 25
17 4
4 31
14 6
31 6
37 6
2 18
