36
23 22
12 1
35 15
10 30
22 16
17 11
8 0
19 1
12 26
30 10
0 16
6 25
15 35
2 18
13 17
5 35
9 6
14 5
32 8
7 29
5 19
1 13
19 20
31 11
10 25
2 10
5 24
15 1
23 18
19 0
15 5
16 4
27 30
9 24
3 17
17 24
16 34
18 15
34 13
7 9
2 9
35 24
13 31
25 0
29 24
16 24
9 32
28 17
7 18
5 26
35 2
14 31
16 32
10 14
9 33
3 28
22 19
16 35
14 21
15 23
25 12
11 15
8 19
32 31
1 17
21 16
19 0
11 15
32 2
29 22
15 33
14 2
16 10
17 10
11 33
13 0
9 4
15 33
23 27
9 25
8 30
5 27
30 33
22 7
15 16
29 30
29 7
32 25
33 14
35 8
27 28
24 16
32 4
29 19
31 2
24 20
33 30
27 7
7 14
14 22
30 7
16 23
30 29
28 27
23 7
15 30
35 4
10 31
24 19
30 35
22 19
19 35
29 11
22 16
25 1
2 19
24 34
22 35
7 14
26 30
1 6
4 0
26 30
11 14
14 5
13 16
4 33
31 13
8 17
29 33
18 31
32 23
10 34
22 17
28 29
34 12
29 4
7 4
18 21
25 32
17 10
29 12
23 17
29 17
14 28
28 26
15 18
24 1
16 29
8 9
8 20
18 12
7 2
31 28
27 7
25 1
16 1
25 33
11 22
27 3
14 17
18 13
5 35
29 1
28 17
10 16
17 28
9 25
10 4
33 1
27 23
19 7
24 4
35 10
31 2
4 12
0 17
33 15
10 34
24 27
24 4
25 32
13 14
6 33
11 7
24 34
6 11
23 30
31 2
20 6
21 5
34 1
22 31
17 13
9 5
20 33
9 29
3 35
16 15
23 21
13 29
32 16
24 8
35 24
14 20
29 13
21 32
8 18
25 18
23 9
31 13
35 25
32 2
4 12
33 27
33 11
21 10
7 25
18 6
13 32
26 23
9 28
19 34
26 8
32 14
33 7
7 12
32 3
15 1
31 12
28 9
3 29
19 11
34 17
33 28
29 4
15 19
32 34
33 2
22 29
16 19
0 3
32 13
22 27
30 18
19 2
7 23
32 6
14 10
23 11
2 32
15 17
15 27
31 12
30 17
21 26
1 2
10 13
31 32
20 25
30 3
27 1
6 3
23 20
14 10
12 32
23 27
14 2
35 9
31 9
7 32
35 24
34 9
1 9
22 21
34 16
4 6
34 11
25 21
31 19
12 7
16 35
15 30
17 14
19 12
23 26
9 2
14 23
28 31
33 14
32 11
10 1
17 8
28 7
10 23
26 22
11 22
1 6
16 18
0 16
11 23
22 20
5 17
23 33
12 20
27 25
12 2
6 29
26 34
16 0
1 23
22 12
9 23
18 6
22 18
22 33
21 8
33 7
5 20
20 18
21 12
23 33
30 29
6 20
27 23
1 28
26 23
21 35
27 19
5 29
2 7
26 3
32 23
10 1
7 11
35 8
23 22
5 33
31 28
17 2
15 34
31 5
2 32
20 29
15 6
2 33
13 28
17 9
15 7
27 2
18 26
11 21
29 32
18 24
24 16
27 19
14 2
4 16
14 5
25 29
11 27
27 24
19 24
14 31
5 33
14 11
24 35
4 20
18 9
25 14
16 24
28 34
9 12
14 34
5 25
6 12
13 25
0 7
20 12
12 17
26 4
5 24
5 3
33 10
17 29
15 10
27 24
35 3
2 33
25 7
19 17
0 9
34 8
9 10
0 26
0 4
11 5
9 16
9 6
7 26
16 22
16 7
10 15
27 28
29 32
35 12
13 15
1 11
23 10
21 4
0 1
24 27
23 33
8 32
20 15
2 0
17 35
23 27
14 30
35 7
26 14
0 4
29 1
31 33
12 33
17 28
34 5
20 21
19 8
33 3
3 0
19 20
15 6
27 29
1 26
17 7
20 17
27 29
18 23
6 10
20 23
3 18
9 23
20 28
11 17
11 14
33 30
34 12
16 5
22 17
11 3
5 31
20 32
4 2
19 11
29 19
34 32
18 23
35 2
15 10
19 6
4 33
0 18
25 17
23 11
14 34
14 35
9 34
32 13
17 15
24 10
15 3
22 33
6 21
35 2
11 34
8 15
31 9
13 1
6 0
12 0
14 27
0 3
5 32
32 2
27 1
28 6
4 14
19 26
15 18
28 6
17 1
1 28
26 14
9 12
30 22
12 8
29 28
27 34
4 24
17 12
25 9
34 9
4 18
35 0
28 6
33 29
7 6
35 22
15 11
16 17
3 5
10 32
12 9
16 0
6 28
25 15
27 14
35 9
14 35
25 22
5 3
31 28
25 30
30 20
21 11
2 24
32 28
20 8
17 1
25 23
9 30
19 0
9 18
25 3
17 31
5 2
14 0
31 19
30 25
3 15
16 21
19 28
14 4
17 31
21 6
35 30
16 18
11 25
0 16
8 18
11 13
0 5
13 31
24 23
1 8
18 17
29 2
26 23
22 7
35 23
29 34
33 9
16 24
35 32
5 23
30 32
1 31
2 30
6 26
34 7
34 16
5 8
34 31
11 0
2 10
23 11
24 1
20 4
25 35
1 30
23 31
27 4
6 9
34 13
15 12
20 14
29 25
2 7
0 13
8 18
4 11
29 28
12 14
13 2
13 30
12 16
5 3
20 12
28 35
25 8
11 25
2 20
31 4
8 31
33 16
14 1
27 23
30 20
1 23
22 31
17 34
27 22
18 12
34 10
27 3
18 2
29 20
3 4
4 11
35 2
7 29
19 14
17 29
34 16
0 9
33 35
1 0
33 29
14 7
20 18
6 2
27 6
21 31
27 32
10 9
19 4
28 34
1 22
12 15
2 13
25 16
28 6
16 25
35 30
12 19
12 34
21 19
21 7
30 12
19 5
21 19
25 29
17 26
15 9
21 34
22 10
14 16
30 19
31 24
12 14
17 10
16 11
3 11
23 2
16 24
21 5
18 11
13 28
32 11
30 23
25 19
35 8
15 24
0 9
21 11
5 1
22 8
12 26
27 28
30 28
13 28
11 4
6 3
17 33
13 4
23 2
23 22
11 18
26 27
8 11
2 13
29 5
2 5
11 29
14 5
21 7
34 32
12 20
15 29
17 29
13 20
11 16
23 2
35 13
30 7
5 12
20 34
17 2
19 8
31 33
30 33
5 8
29 33
28 25
26 9
34 3
10 9
19 33
12 34
10 6
21 31
18 22
9 16
24 29
4 20
26 34
33 11
6 26
8 34
31 14
24 9
33 34
35 33
11 31
1 33
33 31
19 6
27 7
35 32
7 6
30 4
17 11
6 31
22 20
35 32
18 13
31 15
24 22
26 35
23 3
30 6
9 22
30 25
34 17
31 8
2 28
25 29
34 1
15 35
0 27
17 14
2 12
2 24
2 8
23 6
11 34
28 1
0 22
6 34
20 1
22 9
12 15
24 13
10 23
29 2
20 7
4 32
26 9
14 34
12 20
26 13
27 26
15 33
4 15
14 27
1 3
19 32
27 12
23 30
5 25
14 29
9 26
19 34
21 33
27 5
3 17
34 10
24 30
23 28
9 17
35 27
21 18
3 28
10 26
3 16
31 17
9 21
24 8
35 9
5 26
30 9
8 9
19 12
19 7
4 8
24 4
15 25
2 19
34 13
25 1
9 1
18 2
22 26
1 11
11 28
6 0
16 31
0 28
14 23
12 2
27 32
18 17
15 17
15 28
6 16
17 23
14 35
25 17
5 27
28 32
35 14
33 31
9 13
23 3
0 15
6 27
12 24
24 7
5 19
35 27
15 16
15 10
31 4
27 16
11 19
12 10
34 25
5 23
18 8
7 18
4 13
26 32
17 30
3 22
14 18
29 9
34 8
19 9
29 10
5 20
10 33
31 24
23 16
11 21
5 18
20 25
11 10
21 28
4 24
30 34
6 24
8 20
32 27
9 5
18 14
26 28
11 1
16 14
33 7
0 2
26 20
7 17
10 28
10 30
32 4
9 18
28 33
18 5
24 27
26 22
21 16
14 13
17 10
27 31
18 7
13 24
7 21
5 33
13 31
28 26
0 1
8 34
27 29
2 34
20 5
0 35
13 34
10 20
9 8
28 22
32 15
7 17
13 1
29 21
27 29
22 15
17 0
22 11
18 1
31 23
1 11
3 14
25 13
34 21
6 21
33 2
8 30
15 25
23 0
16 32
2 12
14 18
14 5
16 15
0 20
16 27
23 10
17 0
9 31
1 31
32 14
33 5
24 28
30 28
8 27
24 10
19 18
8 33
23 25
13 3
9 29
11 32
4 8
12 29
3 29
4 16
23 18
21 11
10 31
