24
22 5
23 4
11 12
18 12
14 4
0 9
9 16
2 1
19 13
16 0
23 10
1 15
20 6
4 0
20 16
15 17
7 11
20 5
14 8
19 0
4 20
16 22
14 11
4 6
4 19
17 21
10 5
3 6
5 15
23 20
1 6
7 21
18 4
12 18
23 19
19 11
11 10
1 15
14 8
11 9
17 8
11 22
4 18
3 19
9 16
20 15
15 18
2 20
22 20
11 21
7 0
11 9
2 18
23 10
5 0
19 13
3 17
17 21
12 5
6 4
1 14
12 11
16 0
9 4
11 22
12 10
23 15
19 1
9 10
3 14
2 22
3 6
15 13
19 3
18 0
11 8
12 23
16 4
0 12
15 23
0 18
14 15
13 7
0 16
10 6
10 0
2 16
7 15
4 2
1 22
2 12
6 11
14 10
4 2
18 3
19 12
9 2
1 16
19 9
18 1
20 18
3 4
1 10
8 3
11 6
22 16
4 20
19 10
7 23
13 1
18 8
13 3
