10
1 6
6 1
3 5
8 3
3 8
4 9
1 4
6 1
5 3
3 0
7 8
0 1
6 9
4 3
1 9
4 8
8 1
3 6
4 7
6 1
8 7
7 4
0 4
9 5
4 6
3 5
9 3
8 6
6 0
5 2
0 5
0 3
9 6
9 8
4 2
6 3
9 2
5 4
1 8
9 4
5 0
6 0
9 2
6 1
7 9
1 3
9 6
4 8
5 2
4 8
0 8
7 4
3 1
7 6
2 8
1 9
8 7
0 9
9 6
0 8
7 3
3 9
9 7
9 7
1 3
5 3
1 2
7 6
4 3
0 4
6 9
3 1
2 4
8 5
3 7
0 6
6 2
6 5
9 7
9 4
1 2
8 0
1 4
5 6
1 3
6 4
7 9
3 7
6 8
5 6
7 1
8 3
9 2
0 3
3 2
2 4
4 8
1 5
2 4
3 9
3 2
8 9
0 6
7 4
4 0
5 7
9 4
0 9
8 5
4 2
1 8
2 1
9 7
7 4
6 3
7 6
2 7
4 9
6 8
6 3
5 6
8 7
7 8
3 1
2 4
1 4
9 2
6 8
2 0
6 5
7 2
9 6
8 2
