37
9 5
6 14
4 2
22 32
11 35
25 15
28 34
13 8
9 29
24 32
27 1
36 16
21 32
32 24
17 16
28 5
36 34
19 3
14 19
14 25
18 2
18 9
14 9
33 24
2 35
19 7
36 18
23 36
14 33
1 9
12 30
29 12
27 12
15 5
9 7
8 5
10 5
15 24
14 26
26 16
24 23
1 5
24 0
34 20
17 21
11 10
14 23
15 4
16 35
28 24
22 34
12 27
12 14
4 1
4 36
3 5
0 4
10 3
20 22
1 0
22 12
25 36
35 3
18 30
2 9
17 2
6 7
29 33
21 11
34 3
25 15
9 4
20 34
7 3
35 8
18 20
21 6
34 9
15 27
26 2
22 28
9 29
35 20
29 10
33 10
13 11
19 17
31 32
24 12
30 33
30 28
32 36
25 29
24 18
20 28
35 5
35 22
13 33
6 5
21 2
30 35
13 15
23 18
35 31
14 29
22 24
6 25
16 8
21 14
15 19
20 13
5 11
24 26
31 24
28 24
0 19
15 30
5 1
11 4
32 3
11 32
27 32
35 7
4 19
21 19
17 19
10 0
30 34
26 24
21 32
27 36
14 5
30 20
7 4
2 17
8 13
28 35
23 26
20 27
24 5
24 19
24 34
34 33
32 23
35 31
18 25
31 10
31 24
8 16
6 10
11 14
1 2
28 25
7 11
30 9
16 18
28 19
15 25
30 25
26 28
20 22
32 29
32 4
31 19
35 0
29 9
30 9
27 21
12 34
32 5
6 27
23 12
24 17
15 17
5 19
23 25
4 18
32 14
0 26
33 35
5 4
23 35
28 13
19 3
10 29
8 31
19 10
21 6
27 14
23 32
33 25
36 15
21 31
7 22
36 19
35 4
23 21
2 14
34 21
17 22
28 3
31 11
13 30
17 3
7 19
36 3
7 35
33 28
7 4
28 6
23 27
10 24
26 12
16 2
11 33
24 3
14 34
29 28
27 24
31 35
6 8
16 28
21 28
35 29
32 4
35 33
9 24
20 36
14 36
1 4
10 3
22 24
0 14
30 6
1 25
19 23
33 13
29 18
4 5
25 14
10 1
10 34
25 30
33 18
7 12
22 32
31 22
35 31
36 28
15 16
34 16
28 26
24 30
29 27
8 17
28 18
15 32
27 26
13 12
17 13
8 11
35 6
5 12
12 36
27 29
11 22
35 0
9 0
31 16
27 17
12 18
35 27
28 3
31 4
16 11
17 2
22 30
23 6
5 35
5 11
5 31
33 3
32 20
18 26
36 8
6 11
5 19
16 33
1 11
16 17
0 11
34 23
5 35
7 25
33 27
36 2
21 10
20 16
30 17
20 30
25 26
19 8
24 36
