24
18 9
8 15
9 1
9 10
23 20
18 9
8 10
5 6
15 10
1 9
3 0
2 1
21 2
11 13
0 3
0 11
13 8
2 14
1 11
16 17
0 2
18 8
12 23
14 19
1 7
4 21
8 22
14 21
0 1
2 1
5 2
4 10
3 22
0 4
1 8
13 1
11 8
9 15
23 16
11 17
15 14
15 14
4 12
14 22
7 3
1 11
5 4
9 5
1 11
13 14
4 0
14 6
16 6
22 19
23 5
2 13
21 16
9 1
23 7
8 22
2 10
2 7
6 11
4 23
14 10
14 19
2 20
1 10
2 15
5 17
20 8
22 9
16 8
11 15
7 11
6 2
13 8
1 20
11 6
19 2
8 1
13 10
14 6
13 16
13 18
2 1
18 0
11 8
22 18
8 1
16 10
15 0
11 12
9 22
6 17
0 11
20 14
9 22
22 19
0 23
6 1
2 17
1 16
3 9
18 12
11 9
12 23
12 16
0 10
22 10
2 9
22 8
10 7
23 8
18 15
0 16
2 9
10 11
5 11
5 17
23 6
5 14
18 22
14 20
12 16
15 14
14 23
0 13
14 1
8 6
1 8
14 19
18 0
6 15
12 3
8 11
9 5
17 19
19 23
16 8
16 23
14 6
14 20
5 15
20 11
8 20
1 20
6 18
2 21
6 5
9 7
11 2
3 22
1 11
6 9
10 12
8 16
3 4
21 10
16 0
11 12
18 7
19 12
1 16
18 23
14 19
7 17
21 2
15 14
13 14
0 15
2 8
7 21
4 21
0 12
21 11
0 15
10 19
3 11
4 13
11 18
8 18
11 21
20 18
4 1
8 20
16 3
4 15
0 12
0 12
10 3
4 17
13 16
21 1
12 10
4 6
11 14
9 8
2 3
12 3
4 8
11 7
4 2
7 20
7 0
0 9
3 5
2 9
13 23
2 1
2 6
23 13
20 0
13 14
3 2
17 23
2 20
6 7
14 6
19 21
6 20
6 1
17 1
2 6
0 4
23 18
2 22
7 14
22 21
4 17
15 13
17 9
15 16
16 21
12 5
19 0
12 13
17 13
15 5
12 6
0 6
20 23
21 18
20 17
3 11
7 12
21 8
4 5
0 17
9 22
13 9
10 18
18 15
1 12
13 7
4 20
3 4
9 13
0 2
17 4
1 21
17 2
17 22
18 11
8 16
16 9
18 10
4 1
11 5
14 1
13 18
13 8
22 14
22 15
8 7
11 10
4 20
4 22
18 22
1 18
15 17
4 9
3 0
11 14
5 17
7 10
3 12
19 2
18 9
9 3
16 20
5 12
16 9
2 7
3 13
14 12
17 16
15 17
19 22
14 12
21 1
15 2
12 9
20 21
18 23
5 6
20 9
14 5
12 9
13 7
22 19
12 7
11 19
16 6
17 6
10 7
23 2
1 11
3 13
0 14
5 12
1 15
3 7
19 4
12 18
2 7
6 1
19 2
17 11
23 4
10 23
22 11
2 1
17 3
15 22
0 20
23 15
23 6
2 19
10 21
13 18
19 14
13 21
7 6
1 22
2 11
21 0
15 16
2 8
19 9
6 19
5 21
3 20
20 5
7 6
18 20
0 6
10 5
19 17
4 20
16 6
0 5
7 15
21 1
15 8
2 21
4 0
10 23
12 6
20 13
7 16
5 13
19 3
8 4
7 21
12 5
21 18
4 7
21 19
16 8
12 16
18 3
20 1
23 8
6 17
3 19
12 6
20 16
5 17
5 11
6 15
7 10
14 5
5 22
21 5
2 5
23 5
17 16
5 2
22 11
19 2
23 7
0 19
15 6
12 9
10 3
16 20
10 13
17 8
2 22
11 7
21 16
1 6
21 19
4 1
14 22
0 13
23 19
4 21
23 17
6 1
12 22
21 22
4 6
7 6
4 10
6 17
2 23
23 16
18 20
9 8
10 9
13 1
20 17
22 11
10 4
12 15
19 1
13 15
7 12
21 11
22 3
20 17
18 20
1 12
8 10
12 18
11 1
20 23
11 10
10 13
7 14
4 2
15 10
9 22
22 6
1 13
2 21
22 20
9 23
1 17
1 5
4 12
23 16
11 2
2 13
15 9
3 12
3 18
22 12
8 12
19 9
17 13
22 15
1 8
6 18
17 7
16 21
11 7
13 14
9 8
3 0
17 22
12 21
16 2
1 16
7 12
17 0
1 16
16 19
16 14
5 9
14 21
23 1
4 12
16 13
12 11
6 10
10 19
18 13
12 11
20 1
4 12
18 12
20 13
4 11
19 14
1 8
13 18
13 17
2 18
6 14
0 4
0 11
15 10
16 3
13 4
20 18
16 15
22 13
20 3
16 7
9 8
22 3
21 7
6 7
5 20
8 1
12 11
8 14
3 4
4 23
0 22
15 7
12 20
20 15
4 19
0 13
19 14
17 8
14 23
16 11
11 0
13 15
3 13
5 22
17 9
21 10
23 4
9 12
1 21
19 5
9 12
19 4
18 4
13 8
19 5
12 6
21 17
13 0
6 18
14 16
20 11
2 11
15 3
23 8
1 11
14 2
23 1
6 9
21 19
18 16
16 22
22 5
15 3
21 13
11 13
9 22
7 21
14 3
12 14
20 15
4 22
6 21
4 16
18 16
10 2
0 8
0 6
15 19
3 12
9 15
18 5
17 7
11 20
12 2
16 3
22 14
10 12
11 2
22 19
4 1
19 4
17 1
19 13
21 23
22 4
9 8
9 3
16 13
15 20
15 0
23 5
6 1
17 19
16 12
15 17
0 19
10 17
6 15
14 6
13 10
15 22
12 10
6 1
2 18
8 18
9 13
0 11
23 18
22 15
22 14
0 14
9 2
8 16
18 14
14 7
1 21
21 13
0 19
6 18
13 14
12 23
19 12
2 18
22 0
1 21
14 1
11 0
4 11
8 22
2 14
21 3
11 19
8 3
6 21
20 9
11 7
14 13
2 12
13 3
1 4
5 13
20 1
16 4
23 18
10 12
13 23
21 17
6 3
14 2
15 16
13 23
6 2
17 18
7 20
20 11
17 1
7 18
17 3
9 4
5 22
17 19
21 7
4 19
2 10
21 18
2 9
0 20
2 11
4 14
7 8
0 7
18 9
2 20
13 8
10 7
19 23
14 23
19 16
9 8
2 12
11 4
23 5
15 19
12 22
3 12
14 10
6 0
4 18
13 12
4 12
7 4
2 6
15 11
16 23
13 20
2 17
0 18
22 16
13 10
6 16
22 13
18 21
13 23
15 18
3 12
7 11
8 9
9 23
12 17
14 2
5 9
19 22
3 9
6 16
12 1
2 17
19 15
6 10
23 1
14 11
0 17
11 1
18 10
14 4
16 9
1 3
7 4
4 5
13 16
10 14
11 3
1 2
10 12
1 3
18 4
3 11
15 20
21 17
10 1
10 18
11 3
21 10
0 18
16 13
10 2
3 21
5 4
16 7
8 17
2 22
5 2
19 23
4 20
1 23
23 4
12 10
4 6
18 17
9 12
12 6
9 14
9 8
11 12
22 9
9 3
3 4
18 7
17 19
22 16
16 11
18 20
17 12
6 2
16 10
1 2
19 15
11 5
15 14
9 5
23 10
9 2
7 19
10 0
15 8
16 7
11 19
21 15
1 15
0 4
8 2
23 16
5 20
7 19
21 13
11 0
14 13
7 1
15 23
16 15
15 3
18 11
16 2
4 8
2 8
16 20
0 8
17 12
8 12
2 21
15 2
3 5
1 4
20 0
13 4
7 4
0 2
7 16
20 12
0 22
12 17
10 4
17 3
17 1
7 19
14 23
13 17
20 14
14 8
14 19
13 21
23 13
15 23
21 3
3 22
17 15
7 3
12 16
22 5
18 6
16 8
21 5
18 17
19 0
17 1
19 6
14 10
11 6
9 4
23 3
12 22
22 0
14 21
5 8
19 21
9 8
18 3
1 5
19 10
6 14
17 20
16 20
18 2
21 20
22 12
23 10
10 13
10 17
10 7
1 21
20 2
5 14
21 22
19 16
9 17
22 18
14 15
14 0
9 12
20 7
0 11
18 3
1 20
20 3
4 13
1 16
16 6
7 5
5 18
14 6
12 0
18 3
14 10
4 18
7 12
11 10
22 6
11 10
2 7
14 7
8 7
15 6
6 21
3 16
11 9
20 15
1 14
19 8
17 15
2 0
19 5
10 17
11 14
4 5
13 10
5 13
9 20
19 7
9 15
0 20
16 20
12 18
3 23
2 20
14 20
12 10
18 14
19 21
20 15
3 9
18 0
22 3
20 10
3 6
17 3
18 9
15 22
19 18
13 21
6 4
10 18
6 4
1 17
1 21
1 20
7 19
20 21
14 9
7 17
7 0
12 1
2 4
16 21
14 5
11 21
1 21
7 23
17 8
17 18
6 18
7 5
5 19
2 19
4 2
13 3
18 1
5 20
21 10
12 18
21 9
20 18
8 19
3 17
4 13
15 22
20 3
8 14
15 4
16 20
8 11
13 5
23 11
18 9
23 12
6 0
8 16
8 20
19 1
0 9
