35
27 16
27 26
6 25
5 33
10 29
33 23
14 13
18 23
9 6
6 2
13 12
14 24
30 22
4 15
34 1
19 15
5 22
33 31
28 4
6 3
10 16
26 1
6 21
25 15
27 31
17 18
8 31
19 16
30 23
8 29
24 27
21 30
15 20
3 20
24 9
23 11
25 26
13 31
24 3
12 29
11 6
12 32
15 8
13 10
31 33
17 33
25 3
5 17
23 8
2 24
29 2
1 19
5 14
27 30
17 16
24 5
23 13
2 15
21 15
25 29
25 7
27 16
11 9
10 11
17 13
1 11
27 2
7 33
28 0
5 10
28 29
15 28
19 30
8 17
22 11
23 13
18 28
29 6
2 16
30 20
6 31
8 34
10 16
32 3
28 2
25 33
8 5
27 4
12 0
33 0
11 21
13 7
14 19
25 17
0 20
14 7
16 22
18 3
15 27
6 20
6 31
19 14
14 11
30 26
23 28
26 0
14 16
7 29
0 32
23 1
30 2
20 23
1 3
27 17
7 33
14 13
7 33
4 21
21 34
24 10
4 28
22 18
9 29
24 10
3 24
23 10
26 20
34 28
0 26
22 7
1 13
20 8
24 6
10 0
8 32
4 1
19 34
22 25
1 32
6 25
32 16
17 29
15 22
29 18
21 1
20 11
33 28
0 34
12 11
34 20
20 3
33 5
3 20
7 4
30 13
29 4
7 23
34 22
22 28
6 20
7 3
32 5
8 32
5 20
20 16
17 18
20 15
23 0
13 7
4 8
33 10
12 5
11 23
4 10
17 10
31 1
25 5
6 34
14 23
31 12
5 14
30 2
6 30
2 19
2 18
4 0
5 29
5 28
17 10
4 11
32 12
12 0
17 31
34 31
31 30
8 13
21 15
15 28
10 29
24 13
24 6
25 30
0 8
23 29
30 4
18 4
16 30
4 33
26 3
7 0
11 27
13 32
8 6
2 30
0 27
8 2
10 11
32 22
19 32
16 14
2 34
18 30
7 23
6 10
3 13
10 26
17 24
24 2
7 26
33 7
30 18
9 5
29 18
4 13
28 21
4 7
32 23
2 16
23 8
27 3
33 2
30 16
3 31
18 10
34 28
30 7
12 16
24 6
12 29
20 5
27 1
12 24
24 14
18 24
0 10
5 33
24 0
14 5
31 10
27 7
3 22
14 15
4 34
28 33
19 33
25 32
22 26
22 13
9 23
13 31
28 12
33 5
3 13
25 30
21 6
30 12
21 11
16 32
4 26
28 2
16 26
24 20
25 14
6 13
28 15
19 17
13 24
20 16
15 11
23 1
29 18
13 27
29 7
25 33
33 18
12 27
9 13
12 34
28 30
13 33
10 9
15 0
33 0
28 25
23 17
26 17
12 17
10 19
24 0
29 34
30 7
26 5
32 15
4 2
23 29
0 33
3 15
34 14
28 4
4 16
21 8
11 34
2 33
30 3
10 24
2 5
31 6
10 6
21 27
8 21
21 9
20 2
1 31
28 29
0 32
23 34
17 11
10 19
9 5
22 31
29 25
1 3
8 24
9 6
28 29
28 26
3 25
5 33
33 11
33 31
34 9
25 10
31 10
19 1
32 27
8 34
6 11
19 7
32 26
0 26
19 3
7 9
9 12
7 23
17 15
0 4
6 10
0 16
7 14
25 34
22 2
5 10
21 24
7 12
24 10
8 28
17 29
14 29
13 21
30 31
2 30
12 8
17 12
1 24
3 1
25 5
18 12
4 8
19 28
9 30
2 24
8 28
31 22
15 26
30 17
33 7
2 15
31 15
17 0
18 2
1 15
5 21
11 10
31 18
24 10
8 33
4 32
19 7
27 13
17 11
27 9
7 26
19 2
21 22
3 0
14 20
21 25
31 17
9 20
28 29
30 32
10 27
28 17
19 6
11 7
33 20
15 17
24 11
19 10
10 0
22 24
20 9
27 28
3 13
26 8
7 21
5 17
26 10
11 22
16 22
30 26
19 22
20 8
33 5
31 21
17 30
10 14
4 2
8 20
15 11
28 34
9 11
28 0
21 4
23 15
3 30
6 23
17 27
8 27
9 16
13 26
12 1
5 28
15 25
13 31
13 19
7 23
30 1
23 16
5 23
31 21
18 15
21 12
19 29
17 28
11 7
31 23
8 13
16 1
16 7
32 29
26 4
17 21
17 6
14 23
6 23
21 2
3 7
26 22
1 8
27 24
28 23
12 13
13 6
14 29
13 23
24 4
5 6
2 22
24 16
22 31
16 8
10 19
15 1
18 29
22 30
15 22
8 5
1 26
20 30
16 8
19 32
13 3
34 13
27 0
0 9
9 10
5 1
24 1
7 11
23 3
3 23
23 8
24 14
28 31
7 14
28 4
4 31
3 17
0 7
18 13
16 4
0 34
17 24
0 25
12 0
5 15
0 28
24 19
29 33
26 20
26 30
25 34
10 19
11 17
14 24
11 30
2 22
13 26
34 15
4 34
32 31
0 2
20 1
21 27
11 24
