38
6 3
34 8
32 5
21 36
33 21
29 2
33 17
0 26
11 26
15 14
8 13
29 24
17 0
31 27
7 30
12 26
26 36
37 9
20 35
4 19
26 7
30 21
23 18
32 12
6 25
27 30
1 18
16 34
34 25
2 19
18 14
8 22
28 7
32 10
20 36
7 24
21 0
24 22
18 35
3 22
24 11
23 20
6 35
16 9
37 14
27 29
22 12
20 7
22 8
5 36
16 7
20 32
31 20
28 17
9 12
3 37
13 23
5 10
18 14
10 32
20 1
32 10
37 17
32 8
22 30
2 7
28 34
17 11
2 7
28 12
35 10
11 10
11 32
20 29
24 8
23 6
26 17
16 25
34 26
33 34
35 13
20 3
9 37
14 28
6 21
2 3
9 29
29 20
23 27
12 9
36 13
32 2
9 26
27 21
15 1
18 12
14 16
31 2
15 24
30 21
23 32
2 32
1 9
30 24
36 4
11 12
34 5
14 5
32 20
26 25
21 22
15 35
0 8
37 15
32 29
14 17
1 32
27 2
3 20
4 18
2 32
30 36
15 7
19 25
5 8
12 26
8 5
1 25
30 1
2 24
8 33
20 26
27 25
6 9
7 27
27 26
21 19
2 36
4 22
24 25
8 14
13 16
20 15
3 12
32 22
14 18
33 12
22 0
0 29
9 23
18 14
11 17
12 14
15 32
36 17
20 22
32 33
0 14
26 20
4 36
20 18
17 15
31 1
31 8
19 16
4 33
6 21
23 20
15 18
34 10
16 18
4 27
34 16
32 0
14 35
9 7
28 27
17 37
35 36
31 18
9 37
17 33
35 32
29 9
5 7
27 25
34 2
22 28
34 0
21 27
35 30
12 3
19 29
18 33
27 12
29 15
27 8
10 3
19 17
12 2
24 18
27 36
36 27
27 32
6 10
37 3
18 12
23 16
19 3
27 25
31 18
2 37
26 28
18 7
7 30
9 26
15 23
24 4
12 35
10 0
12 30
35 2
31 13
22 12
2 9
6 20
27 21
8 17
1 32
2 9
19 27
14 34
12 16
17 3
29 5
3 4
13 0
22 6
29 6
19 31
31 3
29 20
2 0
15 3
10 33
28 29
22 4
26 13
21 16
28 26
35 32
2 14
17 24
5 1
5 15
33 24
6 31
26 22
25 7
32 20
36 2
21 18
6 34
1 27
12 30
31 25
2 33
1 35
36 23
37 19
0 10
6 22
19 10
7 6
18 17
5 16
19 26
34 3
22 14
30 12
22 24
15 2
35 17
0 33
18 15
15 18
25 37
18 22
9 25
29 27
21 12
21 18
0 34
22 0
10 14
28 10
16 5
12 14
0 28
9 18
5 2
14 8
1 33
31 11
36 0
0 19
12 0
0 12
34 22
28 22
36 18
32 31
1 22
7 2
13 32
36 18
35 13
27 36
8 20
25 6
20 4
4 32
4 22
0 26
28 0
2 8
32 33
25 32
18 27
7 13
4 26
26 17
31 2
3 13
28 25
11 10
29 21
14 11
21 30
15 11
30 18
35 2
29 22
34 26
28 4
17 32
8 5
27 1
23 30
30 29
33 19
1 25
2 15
36 23
23 30
34 31
10 9
33 17
31 8
21 28
0 31
36 21
20 15
7 12
23 36
8 4
0 11
6 31
25 7
33 17
19 26
5 28
0 1
37 8
22 21
36 23
30 12
6 13
5 29
3 28
28 27
32 6
0 16
15 4
23 10
21 20
37 27
10 37
28 25
23 28
24 37
13 17
11 36
30 16
27 33
6 33
1 16
17 1
32 33
5 17
21 5
15 36
32 25
13 0
28 36
28 15
35 20
32 24
34 24
18 1
35 2
35 36
18 30
16 12
25 37
7 25
4 22
23 14
25 37
14 16
35 21
31 11
19 25
13 15
27 32
32 2
12 29
17 31
0 11
21 25
10 7
28 15
29 14
29 33
13 22
27 26
21 20
15 2
23 29
33 28
1 27
8 13
35 3
22 35
30 6
0 3
13 29
34 20
21 3
31 34
3 20
0 24
18 32
4 3
23 37
9 2
5 34
15 18
15 16
15 8
22 31
27 13
0 23
33 21
4 5
33 8
25 12
32 6
6 37
25 7
14 13
9 35
9 2
15 2
18 8
10 2
18 37
31 18
0 5
18 5
10 29
13 35
3 23
3 9
0 7
16 31
20 3
28 7
6 22
9 24
8 20
5 26
35 36
23 36
3 29
32 27
36 17
8 23
34 15
18 27
35 21
17 4
5 17
14 30
26 12
35 14
9 11
37 7
31 18
26 22
29 36
11 27
32 20
28 13
8 17
11 8
12 31
13 8
23 21
34 35
18 26
7 8
4 30
1 22
19 23
13 33
13 18
27 11
25 17
24 33
12 13
19 3
23 33
11 8
32 23
6 13
11 29
37 15
21 0
16 18
1 29
14 30
26 19
19 13
15 6
24 5
35 6
8 36
17 35
7 11
20 29
2 32
36 17
25 35
33 3
16 13
11 8
5 37
5 25
28 20
9 14
26 22
36 12
21 31
10 6
21 30
13 1
2 11
19 28
8 14
31 2
27 20
10 33
19 16
36 25
14 23
2 7
16 15
28 10
3 12
31 33
25 32
14 36
13 4
23 6
13 25
33 34
14 6
31 8
20 19
22 5
37 3
13 15
34 19
3 37
32 12
10 35
7 24
12 36
28 35
20 0
16 14
0 25
22 21
6 23
4 21
26 17
15 22
15 18
21 25
31 9
22 16
34 12
14 24
9 35
6 10
29 0
2 7
26 3
6 10
26 11
10 14
6 25
14 21
21 13
24 14
22 25
30 18
37 23
21 25
36 5
13 5
6 15
28 10
18 35
20 22
24 8
14 30
33 28
30 17
19 16
9 4
3 2
0 19
3 21
6 17
27 19
0 11
12 28
