39
16 1
38 16
23 29
35 2
10 12
4 38
6 5
22 1
6 2
16 17
21 15
8 19
27 38
8 20
25 36
34 2
26 22
7 11
1 3
13 1
5 6
28 11
0 11
2 6
13 7
12 23
23 20
31 0
9 0
20 34
25 4
36 13
16 32
24 17
35 26
7 29
32 35
2 21
8 32
17 10
0 29
34 12
0 26
1 9
16 21
4 2
15 29
15 20
22 28
26 7
15 34
37 36
30 28
8 27
21 25
38 10
4 33
23 4
9 24
13 25
35 17
17 11
7 32
20 29
11 7
37 15
2 24
2 22
13 10
10 34
24 9
5 28
31 17
33 2
3 7
16 38
14 33
38 21
16 8
1 16
15 27
31 18
12 33
1 14
32 0
37 17
10 31
7 30
10 1
21 13
36 38
1 11
21 28
22 37
36 12
14 12
28 35
19 29
29 9
4 23
10 2
29 9
33 36
0 4
26 22
6 24
10 35
24 31
13 7
19 38
8 22
1 36
18 20
26 37
30 21
29 21
0 38
5 37
38 37
13 10
5 37
9 29
12 2
4 8
21 31
17 32
32 14
12 3
2 10
22 21
20 12
32 20
0 37
7 27
35 21
38 29
8 20
20 38
13 29
9 5
35 3
27 10
15 30
1 25
2 12
34 3
5 15
3 23
30 27
33 29
18 2
27 12
15 1
30 25
34 26
17 22
36 21
2 27
35 32
0 30
35 33
6 38
25 18
19 13
12 9
20 4
25 8
16 30
9 7
16 33
33 22
5 19
4 36
7 0
29 35
30 15
18 25
3 4
5 22
7 6
21 27
10 7
36 15
37 34
22 3
17 5
25 23
14 29
9 21
18 38
7 9
3 25
35 7
19 29
29 26
35 11
14 35
8 0
11 34
24 23
27 2
17 2
14 31
21 23
3 0
12 38
10 15
24 34
11 32
24 2
19 9
2 23
5 10
12 6
34 36
18 22
28 24
24 3
6 16
9 7
28 36
6 32
21 1
5 4
14 35
23 37
35 18
37 9
13 32
6 20
4 34
5 28
27 11
24 4
9 20
21 6
26 14
17 16
8 21
30 32
5 14
31 2
21 18
0 34
0 6
15 4
30 21
21 18
21 34
11 31
15 32
37 30
35 15
7 33
36 26
26 31
2 7
22 12
25 22
8 14
17 12
7 8
22 29
15 5
13 26
36 29
19 23
9 5
28 17
38 25
32 14
6 34
22 17
36 28
5 12
7 6
19 4
29 37
20 34
12 7
20 30
16 4
0 10
32 6
9 8
0 12
3 23
34 10
20 32
38 14
5 6
21 13
11 12
20 34
24 27
15 4
32 8
4 3
30 0
1 27
28 14
19 12
9 29
22 30
29 25
35 24
7 10
24 7
11 5
2 35
22 6
0 15
4 32
19 23
21 20
11 10
23 19
23 33
10 34
24 28
20 10
2 28
9 16
24 20
21 16
5 32
11 33
37 15
15 6
27 37
15 27
8 0
8 20
33 18
15 7
35 36
6 37
14 15
14 27
24 25
4 18
7 5
1 5
9 17
11 37
15 27
25 12
27 33
22 10
1 37
17 25
23 24
24 26
28 27
15 3
2 8
21 10
13 23
15 12
29 27
10 33
4 24
34 31
8 17
30 37
16 8
24 28
21 37
16 0
25 20
3 28
17 13
27 20
25 3
32 4
19 31
37 23
16 33
4 24
11 34
12 16
32 36
6 3
34 11
3 9
20 34
26 37
14 7
12 7
28 17
15 20
15 0
26 37
32 0
38 28
12 15
10 37
10 13
21 10
17 20
19 1
35 7
38 11
3 12
7 32
18 22
2 33
11 17
21 5
7 20
22 19
24 32
7 24
6 28
34 12
9 15
3 34
22 30
6 14
31 2
7 10
24 38
33 25
5 15
30 12
24 13
32 9
34 28
33 1
6 18
3 5
33 6
0 5
36 6
19 29
36 16
0 10
4 33
35 9
37 26
22 28
4 21
23 21
15 14
27 33
17 32
16 12
32 21
9 27
30 27
24 35
17 35
0 31
37 38
8 9
10 36
13 31
10 23
8 24
12 30
30 5
36 3
38 18
1 26
37 18
12 33
35 36
22 35
17 21
23 25
19 34
12 22
26 11
6 23
24 18
4 24
1 35
23 8
25 38
7 4
0 29
28 36
2 14
4 12
37 18
31 32
19 14
9 30
21 15
0 25
8 24
15 4
36 24
30 36
20 34
25 38
24 12
1 38
16 13
25 34
6 8
15 20
17 34
30 38
0 31
14 8
5 29
13 31
3 4
17 23
38 3
23 12
15 24
0 20
27 26
16 22
34 20
31 1
15 23
28 15
15 3
24 9
22 26
1 25
30 18
38 18
22 20
26 35
20 8
12 35
13 34
30 22
27 31
37 11
10 3
15 13
16 24
35 3
15 11
33 10
1 5
21 17
3 29
19 38
31 14
19 14
2 0
12 2
10 4
17 24
20 31
9 12
7 9
6 29
8 24
29 18
6 36
21 35
16 10
16 30
29 30
22 18
31 24
29 36
31 3
6 23
1 19
19 11
14 37
19 11
22 38
30 28
35 1
13 1
11 29
31 29
20 3
9 13
28 27
38 9
30 5
32 20
13 1
20 28
38 29
0 22
28 19
0 13
21 14
14 21
4 6
12 25
38 10
27 26
26 36
17 20
18 26
34 8
8 12
35 37
1 18
15 21
19 28
3 22
3 13
26 37
14 1
36 24
28 13
11 4
38 17
14 17
33 37
14 2
10 11
28 11
18 4
32 26
32 24
9 24
38 36
22 13
37 20
27 16
33 27
20 22
34 23
0 28
21 4
19 31
15 8
4 22
1 25
10 22
11 19
7 38
5 29
12 32
38 28
9 22
17 18
5 1
3 33
29 24
37 9
6 2
6 10
25 7
24 29
24 32
25 23
38 15
25 20
4 14
29 15
20 36
20 21
28 3
0 14
30 37
9 32
32 8
7 0
32 31
18 25
32 30
13 37
16 33
2 20
12 17
29 37
26 1
27 29
1 30
20 0
0 3
32 8
10 22
1 31
29 8
6 23
0 8
21 5
30 12
14 31
18 5
29 5
6 17
23 35
36 33
35 36
36 18
33 35
29 24
27 8
32 22
31 21
30 2
27 21
3 30
13 21
35 32
26 30
38 11
27 36
5 12
22 30
19 17
26 9
30 4
18 12
26 38
34 7
30 11
28 33
2 31
16 27
24 31
18 23
31 34
9 25
8 32
16 27
38 32
37 29
36 5
2 12
32 25
19 12
36 37
7 28
29 12
16 3
32 23
26 14
19 36
0 16
18 6
4 17
27 30
7 24
24 9
25 18
35 6
30 21
4 26
10 22
27 15
25 21
28 1
35 36
26 24
13 5
30 17
22 18
37 18
31 22
28 7
1 13
13 21
23 6
8 23
17 25
27 3
7 16
32 31
13 20
16 15
14 36
22 37
4 20
16 25
3 33
32 33
35 34
15 20
29 12
4 7
37 31
38 33
37 31
14 0
1 31
16 17
38 3
21 8
8 35
11 31
28 33
27 12
37 8
30 11
1 37
37 33
25 21
31 18
35 31
8 16
36 24
33 24
27 16
32 25
1 33
17 30
27 5
31 26
3 23
26 4
10 13
26 36
23 18
15 20
0 23
36 37
20 22
14 25
4 0
26 37
17 6
26 12
38 2
15 22
17 19
32 30
7 29
15 14
33 24
14 7
10 1
33 30
12 8
5 16
37 32
4 15
38 30
27 26
21 3
37 38
12 20
18 19
38 22
22 7
26 29
7 27
12 26
28 20
32 33
18 14
37 23
2 17
11 29
38 4
16 26
5 36
6 13
36 17
35 19
14 22
37 21
38 10
36 16
19 18
11 38
32 9
11 24
16 11
3 4
15 19
31 9
6 26
22 3
4 19
11 18
30 9
28 19
8 26
35 27
33 7
15 16
6 26
1 22
38 4
26 3
12 7
2 18
22 24
10 27
32 21
34 24
30 13
4 38
28 0
16 22
36 31
38 3
8 28
14 35
32 29
27 34
37 29
13 20
15 24
36 34
21 26
34 14
14 12
4 19
34 1
12 23
4 9
12 7
5 34
36 21
18 23
12 20
33 16
5 19
2 1
1 24
16 24
27 19
36 31
0 21
32 1
33 25
38 34
32 18
19 14
36 3
15 18
25 20
12 6
23 2
35 36
7 21
24 27
7 17
16 17
10 6
0 36
5 35
18 37
14 37
12 30
28 30
16 37
31 22
21 34
19 18
2 29
4 18
25 21
34 4
20 1
4 6
34 28
25 32
4 12
34 5
3 12
24 9
10 16
20 32
11 28
0 14
18 4
32 33
14 17
37 24
7 30
30 3
9 5
35 13
18 30
7 10
3 31
8 3
8 29
35 20
18 24
23 26
29 5
20 32
11 7
17 19
26 37
22 35
3 7
37 21
27 5
21 19
36 29
22 6
19 7
15 27
32 27
3 11
21 23
4 33
19 11
13 6
9 24
31 1
31 29
23 8
35 33
28 21
23 11
27 32
19 31
9 12
8 12
12 30
24 16
24 4
16 26
38 14
11 19
16 31
10 28
29 34
22 18
16 34
18 33
16 26
25 27
23 26
0 14
11 17
27 4
22 14
32 37
14 12
3 34
11 31
24 6
3 31
23 37
11 17
4 37
31 29
26 15
6 26
18 17
32 6
11 16
20 32
3 23
5 6
19 17
26 32
12 29
25 35
16 36
2 20
23 11
10 27
17 37
7 23
19 13
23 24
23 16
16 7
11 22
15 17
9 37
29 27
23 15
5 9
17 25
32 1
25 32
29 3
19 25
16 38
38 28
13 11
6 29
19 17
13 23
23 11
21 13
0 33
28 33
31 35
19 14
36 6
7 15
37 15
1 3
3 29
32 16
1 38
7 9
5 9
33 28
9 4
30 37
27 20
31 8
5 12
22 30
7 18
7 5
33 36
9 37
26 2
14 17
29 10
26 23
19 9
12 18
3 31
16 30
1 9
27 6
10 11
37 6
29 33
11 13
30 9
11 7
0 14
24 29
25 0
13 33
10 14
12 13
7 18
32 36
16 20
4 15
20 30
21 0
24 21
13 4
31 13
11 31
16 24
11 30
25 13
14 24
28 15
26 24
33 19
10 28
14 25
38 5
35 38
18 1
23 38
3 23
19 9
30 0
23 5
14 8
22 29
34 35
13 3
6 23
20 10
38 19
4 23
7 23
2 36
7 1
0 19
21 9
28 1
9 1
34 12
9 6
2 32
2 15
24 9
28 6
8 16
14 12
0 22
35 31
8 31
21 9
12 31
18 29
33 16
31 17
28 29
24 19
23 26
35 8
24 13
3 32
29 18
6 18
29 30
10 37
12 32
7 24
24 14
3 7
19 34
25 8
25 10
17 37
25 2
34 11
15 38
4 33
17 38
1 7
19 12
33 31
33 30
5 7
5 8
4 14
32 29
11 7
28 5
14 30
0 14
34 27
19 28
5 7
19 1
26 31
24 18
14 15
23 21
9 21
14 23
14 4
35 21
21 24
15 36
5 4
11 0
32 19
18 26
16 37
17 3
18 2
11 21
