30
26 24
9 18
19 18
11 5
2 17
8 19
23 2
2 7
21 29
27 25
20 6
9 22
23 22
13 27
23 5
13 11
29 22
0 19
11 3
24 5
20 2
17 14
27 19
13 18
10 3
5 0
1 14
22 25
28 27
14 2
28 25
2 20
17 13
23 20
7 21
11 2
8 17
21 27
0 1
29 25
6 0
27 13
14 11
12 28
17 6
26 13
8 9
0 13
24 21
13 15
24 15
23 3
6 12
3 7
12 21
5 4
18 10
2 22
14 22
9 21
11 22
21 12
15 5
6 28
18 14
22 25
7 25
1 12
20 0
16 11
27 12
21 16
22 15
0 7
8 9
20 11
24 11
23 9
16 29
29 4
13 21
29 13
8 22
17 20
14 3
24 12
15 20
29 23
20 28
1 21
18 12
7 0
5 8
16 26
7 13
2 20
4 15
20 19
24 3
25 27
27 29
4 19
3 27
1 2
20 15
20 24
22 12
21 23
21 18
0 26
12 13
0 19
3 11
13 6
7 10
25 6
6 0
18 9
19 3
10 26
16 4
11 28
18 4
19 6
26 15
10 9
8 29
5 11
12 3
18 14
29 17
20 21
5 21
2 16
25 12
5 3
9 16
1 27
12 13
25 8
20 5
10 20
26 7
2 8
10 12
22 1
29 4
22 26
25 13
12 29
18 7
0 26
1 19
8 14
6 8
26 3
18 17
29 25
19 7
28 23
21 29
23 17
14 19
5 1
24 9
22 4
17 23
0 18
4 0
24 11
9 20
14 27
29 14
15 10
13 5
4 27
4 27
14 10
8 19
11 3
21 4
29 8
19 0
18 23
0 12
26 1
24 11
21 24
17 6
4 22
3 0
19 7
27 4
10 28
15 21
23 6
17 22
6 28
14 24
14 7
6 10
8 23
13 29
9 22
27 5
15 0
6 4
0 25
0 10
23 16
23 16
14 3
1 21
1 15
15 14
14 18
23 29
23 14
8 16
4 13
1 26
19 27
26 15
28 8
6 22
17 20
25 18
3 26
25 19
4 10
25 14
25 24
29 1
2 15
5 15
8 2
27 6
28 12
26 19
12 2
11 21
14 6
1 18
24 27
29 20
29 24
26 24
10 26
25 12
3 1
19 12
25 8
10 15
20 6
4 25
0 15
16 14
13 10
24 0
7 23
12 6
9 22
19 27
17 23
0 10
5 12
27 13
14 13
26 20
17 13
20 25
21 27
0 1
21 0
8 7
5 6
16 6
28 3
8 21
3 10
18 8
8 24
22 13
20 5
22 3
17 16
6 18
18 28
10 26
27 15
25 13
13 15
3 16
15 25
12 18
5 12
26 29
26 1
19 1
23 14
11 1
17 21
11 7
23 29
4 1
24 10
14 2
13 1
17 0
13 5
6 17
23 27
13 24
17 15
