30
24 23
9 5
10 12
26 25
9 3
6 15
19 10
28 15
4 24
0 28
6 12
24 16
8 4
19 16
13 19
11 7
4 13
4 14
25 23
9 4
18 8
11 0
10 1
7 14
25 8
4 2
12 29
10 12
25 0
29 9
11 2
8 16
15 5
0 10
20 2
6 8
2 18
8 12
11 16
18 7
24 23
1 28
14 11
11 9
3 10
10 15
12 11
23 28
16 15
0 6
17 7
6 19
25 15
23 6
23 12
5 9
27 6
7 11
10 18
12 5
20 15
20 3
26 5
23 4
21 23
10 0
0 8
12 17
23 5
16 8
9 21
17 6
20 25
9 22
13 14
27 4
29 10
29 25
15 14
29 28
29 1
29 22
9 11
1 25
16 17
3 18
1 21
24 13
8 26
5 21
10 2
17 1
4 8
26 20
14 17
18 6
10 17
28 11
20 29
6 29
9 2
17 10
15 3
23 15
29 20
6 1
22 16
2 27
16 20
9 23
7 19
29 17
29 27
29 19
18 27
18 27
21 5
7 28
9 22
13 0
12 2
27 20
26 16
6 17
25 21
24 6
20 4
5 9
25 28
14 13
25 6
11 25
26 20
9 10
20 14
22 14
3 12
11 19
10 28
6 24
14 12
14 10
18 24
27 13
14 12
18 1
10 29
18 6
11 28
16 24
4 0
8 7
4 11
26 7
1 24
1 16
6 7
18 24
1 16
29 7
28 18
9 8
9 27
6 13
17 15
7 13
7 20
12 19
8 11
12 2
12 28
9 19
9 25
13 25
25 20
15 5
21 15
6 11
21 19
20 6
26 4
14 26
24 18
7 3
29 19
27 3
10 6
22 19
24 5
6 19
18 21
16 9
6 22
20 19
12 11
18 0
7 24
26 1
12 25
26 3
15 16
6 17
22 28
28 8
26 4
27 14
25 13
15 23
28 12
2 1
0 2
8 24
21 1
28 16
20 1
23 6
7 2
20 28
0 29
24 4
18 0
21 24
7 14
22 5
27 24
28 19
18 6
14 1
0 4
10 20
6 3
18 5
6 0
3 28
21 19
3 10
11 24
26 19
1 18
16 20
4 7
9 14
13 15
16 5
20 26
17 26
21 27
23 19
28 27
18 19
8 21
21 20
7 17
1 8
27 9
20 1
16 0
8 22
7 24
27 12
7 15
3 4
9 23
2 28
3 14
6 16
5 18
23 15
11 24
12 21
14 6
29 6
14 21
14 0
11 3
12 10
19 7
14 20
22 9
18 25
15 24
11 12
5 27
27 16
21 10
29 27
8 29
26 22
12 10
14 15
13 26
25 24
25 2
14 18
11 2
13 18
19 17
0 24
14 28
2 27
0 2
24 0
23 20
22 5
22 28
21 6
24 8
22 19
10 7
29 13
1 13
1 20
0 2
6 22
9 3
14 3
27 6
26 10
28 23
2 26
6 0
12 15
23 17
0 23
1 28
24 14
20 18
20 26
2 21
21 8
16 18
14 4
20 4
28 23
22 4
15 4
11 8
20 29
0 5
22 24
25 16
8 15
5 20
3 29
4 24
8 12
4 22
17 27
15 10
19 11
17 16
15 26
6 14
18 3
28 12
28 14
12 13
11 25
8 3
21 24
11 3
20 3
20 7
22 27
9 12
1 27
20 16
15 26
0 3
21 20
8 19
26 20
24 8
7 2
3 28
18 14
2 8
9 14
16 2
12 17
6 13
14 26
21 14
13 25
5 3
25 16
29 7
10 29
15 4
2 13
22 16
7 0
18 22
8 20
26 18
26 1
2 14
22 16
20 5
11 25
0 28
11 29
5 13
29 20
17 23
26 9
10 3
1 28
17 2
10 13
20 28
6 14
4 28
0 24
25 3
11 25
1 22
25 7
27 16
19 14
9 7
23 11
3 16
1 20
10 3
26 0
1 2
7 5
1 29
21 18
3 2
14 26
16 1
25 13
17 7
27 18
14 12
22 17
29 23
8 1
27 26
24 20
28 1
18 21
0 9
10 25
12 16
14 28
17 9
12 26
16 1
6 1
14 28
10 5
22 10
6 11
6 0
23 5
23 11
18 16
13 20
11 17
6 25
15 27
19 11
13 18
6 27
16 17
24 0
27 0
3 26
23 27
23 16
0 11
24 13
2 6
22 0
23 0
16 20
19 27
26 24
7 24
21 24
11 7
16 1
8 12
19 23
9 12
1 15
26 7
17 24
29 18
9 29
4 0
11 23
18 5
1 12
19 17
16 26
25 9
26 7
28 19
8 2
13 10
17 9
9 27
3 8
7 12
0 11
4 11
26 14
8 27
27 6
5 16
2 14
12 1
4 24
10 6
7 12
23 16
21 12
11 29
19 15
21 22
20 24
19 4
3 8
23 22
15 20
8 9
26 13
10 0
7 12
28 14
24 14
22 15
26 25
7 16
10 28
8 0
23 27
27 18
28 12
10 5
25 11
14 21
24 16
22 1
21 20
7 15
26 21
23 16
0 9
26 20
9 19
5 29
8 23
27 12
4 2
7 15
8 29
1 24
13 2
15 25
1 23
22 14
16 15
0 16
16 18
28 25
29 4
16 7
27 13
20 23
15 19
0 23
18 1
10 1
25 17
19 18
10 11
2 26
18 24
4 13
3 21
12 29
8 12
18 13
24 12
29 13
4 14
24 28
16 17
23 4
6 4
14 17
6 3
5 1
29 1
6 24
15 18
23 15
22 4
28 16
16 19
22 12
4 16
10 20
3 26
16 10
0 23
19 28
18 17
21 17
10 27
4 25
8 19
2 0
23 9
1 12
1 14
8 17
16 21
12 29
14 4
22 4
3 10
13 24
20 23
14 24
11 22
13 14
29 28
23 0
11 24
14 11
3 1
24 8
5 24
22 10
16 18
5 19
1 29
9 25
13 25
28 27
8 3
12 7
2 5
0 5
22 14
16 17
7 3
25 5
27 10
15 5
28 20
24 22
11 25
9 17
20 7
14 29
10 26
28 12
24 28
17 8
5 26
25 4
29 13
9 18
15 16
23 13
28 18
5 2
13 6
19 26
13 25
17 16
14 15
28 0
6 8
8 3
26 25
7 17
0 9
5 15
17 28
29 8
8 26
2 14
3 13
10 8
8 27
24 22
4 15
14 10
15 22
5 11
10 5
20 10
14 25
26 23
15 17
23 24
5 25
0 8
10 9
17 29
25 1
3 10
16 6
17 0
11 20
10 16
10 13
22 5
9 8
21 18
1 7
23 27
7 16
27 9
25 14
0 12
8 25
15 16
1 2
8 5
23 11
13 25
24 28
23 25
28 6
13 29
13 28
18 12
14 16
13 1
22 13
6 22
8 21
8 2
15 9
29 8
20 4
26 6
2 19
1 0
25 6
22 0
4 10
12 11
18 17
4 11
0 10
25 0
1 4
2 17
5 1
17 25
6 13
1 0
2 24
23 19
0 15
