36
20 1
3 28
21 34
23 3
34 4
24 12
25 11
11 6
17 25
23 31
31 33
23 15
14 22
33 22
23 7
10 24
8 14
16 29
28 19
13 26
4 17
18 29
28 29
35 9
18 3
20 14
16 23
9 30
25 6
32 13
14 6
17 2
20 13
12 28
33 25
35 17
22 17
26 14
11 5
4 9
8 24
3 24
12 13
34 1
35 30
30 29
1 27
32 1
5 8
10 18
13 9
35 6
25 29
17 30
33 7
3 2
10 7
30 3
6 11
19 16
6 12
33 13
8 15
18 16
25 0
29 14
35 8
20 24
2 18
35 25
18 17
15 25
11 35
11 23
18 28
9 30
5 22
3 20
5 35
25 5
9 3
21 17
4 25
35 22
24 15
27 6
32 22
12 8
21 3
31 3
11 20
34 17
6 17
17 11
16 7
33 5
26 34
3 10
23 2
12 17
3 34
14 26
26 2
11 30
33 31
5 17
29 2
3 10
20 31
6 27
28 12
33 26
15 8
29 17
20 5
35 4
20 29
10 26
31 1
20 8
32 6
5 25
8 15
28 3
22 35
11 34
13 17
29 1
11 10
1 32
25 5
32 34
31 23
29 33
23 17
9 29
