35
10 33
33 21
9 33
4 24
1 29
8 17
32 28
21 6
4 21
22 31
32 21
21 22
17 5
7 16
32 34
0 19
33 17
19 31
34 8
9 28
28 3
25 21
24 32
25 22
31 34
32 17
32 19
34 15
3 28
12 3
28 31
13 3
25 9
11 24
29 20
17 22
23 20
20 25
29 10
12 25
21 9
20 19
6 19
34 9
24 11
12 17
19 2
32 9
11 8
11 5
28 4
29 25
24 31
19 12
20 22
33 7
7 17
13 3
16 22
28 4
12 10
23 14
8 10
3 28
21 20
34 26
25 28
17 26
1 13
3 21
0 14
28 7
31 6
11 25
6 4
29 18
26 30
9 11
5 24
17 3
10 16
29 12
21 23
15 22
2 31
8 14
10 2
22 18
20 10
8 26
26 15
21 29
10 8
6 27
32 23
30 19
16 1
8 2
25 24
24 4
20 32
18 7
11 17
25 9
4 11
12 30
3 34
2 25
7 20
17 16
20 24
1 25
9 3
27 10
27 8
7 1
4 14
25 33
17 11
3 5
23 10
8 34
12 33
18 9
27 0
29 16
13 30
18 34
33 23
22 2
8 29
16 24
9 18
23 3
6 3
8 29
25 16
6 15
26 24
24 30
1 31
11 26
26 6
3 2
6 25
16 27
19 9
16 5
4 16
8 10
31 28
17 34
21 23
26 12
24 27
7 3
23 30
29 15
14 32
29 32
34 10
1 19
20 18
1 24
11 10
12 20
15 29
19 2
17 22
26 18
14 11
21 3
18 28
30 32
2 24
7 2
11 8
33 8
3 34
10 27
21 22
12 2
16 8
16 10
30 7
28 9
18 27
24 2
20 19
11 34
20 30
1 32
4 11
5 19
11 27
11 9
14 23
11 7
31 27
17 3
12 23
13 7
15 2
9 12
34 33
23 19
5 25
28 9
13 11
6 24
3 17
34 18
18 22
25 26
27 20
30 16
8 20
23 0
22 10
24 33
8 12
30 13
14 23
0 28
34 18
29 3
12 5
33 30
5 23
34 32
8 29
25 28
14 13
5 13
23 29
24 8
7 19
34 33
7 11
26 19
29 21
22 6
3 20
14 8
20 13
17 6
7 11
33 21
17 23
21 23
12 7
7 31
6 16
29 9
0 23
7 22
6 11
19 20
19 16
10 2
34 29
21 11
27 19
5 16
18 28
28 25
1 2
8 7
18 2
16 18
2 24
17 8
12 13
6 31
29 16
10 6
11 9
17 15
28 22
31 11
15 2
13 28
4 21
0 22
23 29
17 25
30 34
11 7
12 17
15 18
10 3
24 21
12 18
2 17
17 10
6 10
12 19
3 28
6 16
27 6
10 9
9 17
20 1
9 14
16 5
24 31
29 11
8 25
25 3
7 0
9 17
25 28
21 30
11 2
23 18
24 9
27 18
30 12
19 16
3 12
21 27
9 16
15 29
6 5
32 25
18 8
20 12
29 15
23 8
3 6
32 13
10 27
20 34
11 1
2 23
23 30
9 16
22 4
34 28
13 24
23 32
32 8
21 3
23 9
11 27
28 20
17 3
12 14
15 0
15 17
1 15
24 10
8 12
26 19
17 9
5 26
18 13
12 34
13 33
22 17
26 8
34 7
32 25
34 10
6 16
11 33
18 21
19 30
25 3
24 7
24 29
33 8
19 10
7 32
8 6
15 12
14 26
31 24
17 30
34 0
23 10
10 6
8 29
13 33
33 2
5 22
8 3
7 27
25 26
2 11
33 29
0 24
20 31
13 14
3 24
14 26
34 25
10 20
31 0
18 29
15 1
29 23
16 1
28 7
5 30
30 3
1 30
27 21
26 18
13 6
7 4
9 19
29 31
4 3
32 34
32 12
0 3
12 17
5 17
1 10
12 31
25 13
26 17
12 29
12 25
12 20
29 21
4 1
18 20
16 15
19 13
4 32
29 28
14 34
11 27
21 0
23 11
26 5
3 32
18 5
9 15
11 30
19 24
13 16
5 0
31 21
32 25
15 23
1 3
27 22
3 15
10 29
18 27
9 27
10 26
1 25
3 9
21 4
34 2
10 5
15 18
3 24
8 30
25 21
33 17
20 2
10 30
8 5
22 18
33 10
9 34
12 24
8 34
29 20
13 16
2 5
11 5
7 31
1 32
17 11
26 2
