33
15 27
31 29
5 7
4 11
17 19
27 12
4 24
5 7
24 14
32 11
19 21
19 24
11 9
25 11
6 23
30 21
16 26
16 21
31 20
0 13
6 25
23 8
16 29
13 5
10 12
16 27
32 0
19 8
9 19
16 0
14 4
16 5
18 2
3 2
17 9
27 7
15 8
1 29
13 10
6 29
4 5
27 21
12 4
31 29
18 29
11 20
12 16
6 14
18 9
15 2
17 7
7 32
16 7
28 29
17 2
24 21
5 18
8 15
20 6
12 5
2 23
24 12
4 30
24 22
4 22
19 12
28 19
28 2
12 24
19 12
13 5
18 30
13 0
17 10
21 19
0 12
29 3
7 19
25 9
23 15
29 2
10 15
28 10
25 18
29 5
31 32
21 28
13 19
11 28
30 13
30 9
9 0
14 26
24 21
15 4
17 14
30 11
22 23
29 18
28 25
15 14
19 26
0 30
22 30
27 2
26 1
9 24
13 3
15 1
18 19
17 0
31 14
9 20
2 5
3 28
29 19
9 15
10 32
5 2
32 31
1 9
23 12
10 3
11 28
21 28
26 19
8 3
5 10
6 2
23 15
15 1
23 0
27 23
0 25
24 7
13 1
17 15
13 10
3 8
3 20
14 4
25 11
32 31
11 22
11 25
23 0
15 22
27 6
20 17
28 25
29 30
9 11
10 19
12 16
20 32
31 25
25 21
1 22
17 12
9 26
4 0
24 18
20 18
24 5
1 17
30 28
14 6
6 22
23 16
4 10
15 0
0 5
21 1
27 3
12 4
29 16
2 21
1 20
4 23
25 5
8 20
31 20
24 2
10 14
18 14
22 1
12 23
4 0
22 32
3 1
1 30
18 1
18 17
21 23
6 11
26 12
31 25
32 20
25 7
1 11
19 21
10 31
11 14
29 32
13 32
0 12
30 16
11 13
32 30
1 5
8 26
15 4
16 14
24 8
20 23
19 6
12 29
5 21
11 1
20 22
32 21
2 27
4 11
7 3
9 7
6 17
0 21
20 16
1 9
24 21
0 11
25 10
7 28
31 16
28 19
6 27
5 6
19 9
17 24
11 24
31 17
9 31
4 27
12 5
3 4
24 1
15 16
11 20
10 2
5 27
6 30
32 12
16 6
27 7
15 19
4 31
26 0
2 18
13 5
21 17
27 23
30 8
32 15
18 9
15 23
1 21
20 31
31 1
5 24
9 20
10 11
16 1
11 18
19 22
21 5
4 15
26 1
22 26
15 7
0 30
31 2
19 16
0 15
18 3
6 25
22 16
3 5
15 12
22 1
2 8
5 6
22 31
6 11
24 19
18 23
16 14
25 0
29 23
16 14
25 22
4 14
4 7
17 19
17 4
19 17
13 22
22 2
20 26
11 10
12 29
0 26
9 23
27 5
11 8
17 3
28 21
15 32
26 31
17 8
2 1
26 15
23 13
15 8
6 26
18 16
21 16
9 28
4 1
31 16
7 15
17 3
1 0
0 27
29 15
0 31
16 24
12 4
4 27
13 8
19 29
24 7
11 32
0 15
0 31
29 8
13 14
9 14
12 9
6 8
25 6
4 6
29 16
9 0
9 20
9 28
16 31
0 25
30 0
8 31
31 4
4 9
16 13
21 26
20 25
1 10
29 4
15 25
20 24
26 29
11 0
22 25
31 22
18 29
20 26
25 16
28 29
25 10
7 13
3 25
5 3
3 0
7 18
25 27
7 18
22 18
18 9
10 15
30 28
9 17
19 1
1 13
28 24
21 0
5 24
25 8
25 26
8 32
9 1
25 16
17 12
1 21
10 14
18 5
23 3
23 24
2 1
17 26
22 17
29 13
9 3
6 1
11 3
10 28
27 26
7 26
27 29
3 8
12 7
31 15
30 20
15 31
4 9
20 21
5 31
28 8
2 29
18 6
5 26
32 30
19 7
23 11
1 25
17 13
32 13
27 0
9 25
2 18
10 23
22 6
17 28
9 11
13 14
7 12
11 24
17 0
3 18
25 20
30 24
1 24
18 32
31 8
2 15
16 23
4 22
7 30
29 17
11 9
31 16
22 8
7 6
8 23
0 29
20 24
28 9
7 27
