22
11 6
5 10
16 12
20 8
7 18
15 3
12 14
21 8
18 15
5 13
5 11
4 11
12 11
11 4
11 3
17 0
10 0
10 2
13 7
10 18
3 19
13 15
18 21
11 9
4 0
14 16
4 2
6 13
13 9
1 16
4 1
2 4
10 4
15 12
11 16
15 8
7 8
5 6
17 14
8 15
5 0
17 7
5 7
18 14
8 10
18 7
13 20
15 14
8 6
1 2
19 8
7 4
13 11
19 3
20 13
6 20
8 13
3 15
7 15
1 18
9 7
7 8
0 20
20 9
2 19
9 0
5 17
2 16
6 21
18 2
12 2
21 14
0 12
21 16
12 15
3 19
20 9
19 17
7 6
19 5
16 19
10 9
21 3
13 19
21 16
9 1
15 6
13 19
13 7
9 4
9 4
1 18
1 18
4 6
15 7
20 11
17 7
8 20
20 5
17 12
13 19
3 19
10 17
14 21
0 21
2 9
3 1
6 5
19 10
11 10
17 7
19 10
14 6
7 10
9 2
21 0
19 2
18 6
17 10
3 18
10 3
5 13
4 9
16 21
19 3
10 12
10 5
21 0
9 4
11 19
4 8
17 0
10 13
6 4
0 7
20 10
9 1
21 11
11 14
11 6
17 19
19 6
2 16
6 12
20 15
7 0
1 0
0 10
14 4
12 10
20 21
11 17
8 0
9 19
5 16
0 9
17 16
13 5
12 5
12 6
10 13
14 0
17 4
12 5
14 10
2 6
11 0
15 8
5 18
1 5
3 16
19 17
21 9
0 9
0 4
19 11
19 20
6 1
8 10
14 17
12 14
1 14
14 8
20 9
7 1
12 1
21 5
20 8
5 6
8 0
17 5
18 0
4 5
8 16
0 20
8 21
20 21
11 6
17 20
11 18
9 10
17 14
8 2
18 11
6 2
11 0
7 6
0 9
11 6
2 9
4 8
6 2
7 17
6 2
14 15
19 21
3 12
11 9
12 7
20 19
9 8
19 14
14 17
0 1
1 0
8 3
8 14
4 14
7 10
16 19
2 11
18 5
2 8
15 12
13 9
21 19
4 11
11 19
9 12
20 9
18 0
18 10
4 10
16 12
2 13
14 12
8 20
12 16
13 2
5 2
12 2
0 14
12 9
12 21
20 8
9 16
8 3
5 12
11 21
3 11
10 15
1 18
13 10
2 16
14 3
4 16
3 16
6 10
6 4
8 15
11 3
21 14
6 12
1 3
13 10
13 6
12 8
18 1
16 20
15 8
1 19
3 2
14 7
13 18
11 19
9 0
0 9
12 4
19 11
7 8
0 19
14 10
5 8
11 21
5 8
4 0
9 7
12 14
18 9
2 15
18 0
14 3
11 18
0 4
8 0
21 10
4 7
20 1
12 3
7 17
1 14
0 14
5 16
1 7
9 17
5 21
21 16
18 21
15 20
6 13
19 5
0 21
10 20
0 21
21 6
14 0
20 14
14 1
8 13
8 15
7 14
15 4
6 9
3 21
7 13
2 12
13 1
1 11
21 20
10 5
12 8
2 4
1 3
10 12
10 1
19 0
16 1
6 3
3 4
8 10
17 10
21 6
11 20
17 9
18 3
14 8
11 14
10 18
18 21
4 19
18 4
12 18
8 15
19 12
0 5
5 10
4 11
20 0
4 5
16 7
19 2
17 10
10 3
4 6
2 8
4 19
10 14
13 18
5 10
7 5
13 12
14 18
0 10
16 4
15 11
10 11
3 20
20 6
2 4
7 8
6 2
18 20
15 13
4 1
20 7
14 8
21 8
8 7
3 13
0 12
1 11
21 4
9 19
8 10
0 13
18 4
15 1
8 4
5 7
0 10
0 8
8 6
15 9
6 16
19 5
3 19
7 10
14 13
20 14
5 15
17 20
6 18
5 10
21 12
10 9
10 16
17 9
11 2
15 3
0 18
4 17
3 14
7 15
11 20
20 4
15 18
8 11
1 18
10 12
4 19
0 20
13 15
8 0
18 21
3 16
16 7
9 17
19 16
10 8
14 8
10 7
5 18
18 4
12 4
14 16
2 13
13 6
21 13
2 18
14 16
12 19
3 8
16 20
16 1
10 3
11 18
6 12
8 18
17 1
13 17
14 2
8 18
1 19
21 17
11 13
6 17
12 20
13 6
21 9
9 15
13 6
0 9
21 20
16 13
0 9
21 19
6 17
6 18
1 10
11 8
0 17
6 21
3 13
15 16
4 19
14 13
18 13
10 2
10 5
14 3
9 10
2 19
21 13
5 21
8 9
21 9
0 12
2 4
9 16
16 5
6 4
15 8
12 1
18 0
6 11
3 15
19 3
12 19
16 15
16 1
3 13
10 1
3 12
6 12
5 20
15 11
0 8
17 12
9 12
13 21
14 6
18 16
13 12
10 8
11 21
0 12
3 10
16 13
15 14
7 2
14 13
20 5
21 10
16 12
9 8
19 3
2 11
17 13
21 1
2 10
20 2
1 11
17 13
4 8
18 5
0 9
3 8
11 19
19 18
4 14
19 4
3 14
17 3
13 18
11 12
18 10
11 7
4 2
10 12
18 15
10 6
16 12
12 3
7 9
21 11
1 16
14 3
7 9
4 20
3 15
10 0
4 20
7 6
20 17
18 17
8 4
1 0
16 11
3 2
19 0
13 18
17 3
21 2
11 3
0 14
19 9
14 21
5 20
5 3
13 21
20 0
3 19
0 20
9 2
0 6
2 11
2 19
15 2
19 4
5 18
16 0
3 9
19 8
5 0
11 18
19 10
16 1
7 17
19 16
19 17
0 19
6 1
17 19
3 14
21 6
8 14
5 11
1 0
19 6
21 9
0 16
19 17
17 4
10 12
19 5
7 17
2 12
18 19
7 19
10 5
2 16
19 5
6 18
3 0
0 12
0 17
7 17
10 5
1 7
10 6
0 13
16 17
8 2
12 16
5 12
9 2
17 15
20 19
18 19
7 18
14 12
3 0
15 2
5 4
6 15
1 21
1 11
14 6
2 1
6 19
14 2
14 10
20 12
15 14
2 6
4 3
6 20
3 12
0 10
18 13
11 17
10 6
2 16
8 1
20 4
15 0
18 2
20 6
17 12
7 1
15 10
8 13
14 18
11 0
14 2
11 7
12 19
11 13
13 18
14 11
0 6
9 16
8 7
21 1
17 6
1 10
14 7
21 4
3 10
4 15
12 13
0 1
10 11
14 21
7 4
10 5
10 19
20 16
2 17
16 18
1 17
4 13
2 4
18 5
12 0
18 1
12 18
2 0
5 16
0 11
20 8
14 7
4 12
1 4
5 15
0 6
10 3
18 10
7 14
13 17
12 9
18 2
5 20
1 9
14 1
20 11
7 12
18 11
1 17
14 6
11 14
11 19
17 7
8 0
19 18
7 14
8 10
11 9
19 1
8 15
12 13
6 3
5 2
15 11
11 7
20 8
1 5
14 21
0 12
15 8
19 6
14 5
17 1
3 18
7 18
9 20
0 13
21 3
15 14
15 2
20 13
9 19
17 1
18 15
11 12
21 6
18 13
12 11
12 13
7 19
7 14
16 6
6 15
9 19
8 2
0 4
14 9
1 7
8 19
0 20
7 20
4 1
11 14
12 2
5 18
19 13
10 13
19 14
5 6
12 11
7 10
15 19
17 16
2 1
11 0
21 17
20 2
18 10
16 9
10 20
5 9
13 17
4 6
0 8
16 11
15 4
2 10
19 18
12 20
5 13
18 0
11 20
19 12
4 5
8 7
11 17
20 6
21 4
4 8
18 15
21 20
17 10
17 11
20 16
14 11
12 15
21 8
10 18
18 12
0 5
19 11
20 17
15 18
20 19
2 16
10 1
15 5
9 8
14 6
2 6
17 12
19 16
18 5
11 15
17 11
18 12
20 14
8 13
10 4
8 12
18 12
9 21
19 18
11 3
18 15
19 9
13 11
3 16
0 16
10 9
10 0
7 3
6 18
13 10
4 2
7 20
12 16
19 7
12 8
11 9
2 6
16 13
17 5
16 12
15 3
0 16
9 3
0 5
15 9
8 15
14 6
3 8
2 10
19 8
19 4
8 3
18 21
21 13
3 13
1 18
16 2
10 3
3 9
7 16
18 15
9 10
21 12
16 1
21 11
10 18
13 18
0 7
16 19
19 17
10 20
13 2
0 2
6 2
9 13
18 5
6 13
3 16
5 3
15 17
11 12
6 5
10 14
19 5
11 14
13 7
6 15
8 6
19 8
15 10
4 18
14 8
9 16
3 14
19 16
7 8
4 12
11 14
4 9
17 13
1 8
20 5
2 4
11 19
12 2
8 15
18 20
1 3
14 4
16 9
19 1
15 1
13 5
14 15
14 9
4 15
16 1
21 16
5 8
13 16
9 19
9 5
18 8
9 8
11 3
16 8
2 9
9 14
14 21
5 6
9 10
20 1
9 17
17 12
3 6
6 10
4 13
16 20
0 1
4 11
2 20
17 2
8 4
14 20
4 20
5 11
6 1
12 15
18 5
5 19
9 10
8 13
21 0
9 19
21 14
6 21
10 1
1 18
4 16
15 6
12 20
17 18
19 5
9 15
8 12
10 17
20 16
7 18
14 15
11 4
20 10
15 21
12 9
1 4
2 7
14 20
0 10
17 3
17 8
11 5
17 5
2 9
10 20
2 11
13 7
9 2
20 7
12 5
8 14
8 16
6 4
14 20
18 7
4 7
12 19
10 14
7 20
10 9
1 0
20 6
9 20
2 16
10 7
1 0
13 15
4 16
7 18
14 3
3 16
9 14
14 19
4 21
16 15
6 15
13 4
19 0
3 21
15 11
4 16
10 18
7 14
10 14
11 0
16 12
16 3
2 6
20 7
5 14
20 9
7 11
14 2
9 15
1 2
2 6
16 12
0 21
5 10
14 10
6 2
2 9
5 9
5 10
12 18
6 0
1 17
12 4
4 3
5 9
19 16
7 19
19 17
9 11
3 15
11 4
0 14
13 5
2 3
21 8
1 11
5 4
14 8
9 18
16 4
12 1
21 7
17 8
16 18
21 5
0 21
20 13
3 20
15 2
5 14
1 6
4 10
16 13
17 12
5 0
0 6
21 7
21 6
1 18
5 18
5 3
8 6
21 6
4 13
8 11
17 12
21 12
1 15
0 6
13 1
11 10
6 8
16 8
4 0
13 21
3 14
7 13
4 13
18 17
21 5
13 10
2 1
11 17
1 16
8 0
5 19
7 11
11 15
16 9
4 13
10 16
18 17
5 0
9 1
17 6
4 6
16 7
7 6
2 7
20 9
7 1
4 14
12 15
5 4
1 7
17 11
1 13
7 11
14 6
7 20
11 13
16 19
17 18
4 15
3 9
16 7
2 6
21 7
11 0
15 6
11 14
18 16
19 7
8 2
12 5
11 2
16 5
19 11
21 4
3 8
20 8
10 2
7 16
13 5
7 18
17 19
12 9
17 16
19 6
21 6
8 13
11 3
2 8
2 6
11 10
2 18
19 4
1 11
16 7
16 10
2 13
0 9
6 15
3 1
21 0
7 5
13 18
8 15
5 8
19 14
19 21
8 14
2 10
3 18
17 19
6 17
8 4
4 15
19 8
16 17
6 2
0 20
18 9
11 21
15 9
12 6
20 2
8 5
4 1
0 8
18 9
12 21
0 8
5 16
3 11
18 3
7 13
10 19
12 4
4 0
14 10
21 17
19 5
20 1
7 19
8 1
4 20
20 4
6 3
20 7
13 15
11 18
4 19
15 14
1 17
15 14
6 14
7 1
17 5
0 8
0 4
7 20
8 11
0 5
19 13
18 6
7 0
3 21
14 3
16 7
17 20
19 2
21 13
5 0
13 6
8 13
10 13
10 17
1 10
0 20
21 18
2 6
16 5
5 8
6 20
14 21
18 11
21 18
2 5
18 14
9 2
3 17
16 13
10 17
21 10
13 20
4 15
3 18
18 6
5 3
4 19
0 21
6 0
17 7
3 11
19 12
13 0
5 12
16 0
11 2
13 8
5 4
9 1
1 13
4 2
18 21
2 15
6 2
8 11
5 19
8 15
8 6
19 14
18 13
14 6
13 4
14 18
8 21
18 7
12 0
7 6
0 10
21 4
10 7
15 14
2 21
5 11
3 2
3 0
13 17
4 5
19 16
21 4
15 17
11 5
18 17
10 16
5 9
20 13
15 13
5 17
10 11
6 13
11 7
11 3
3 15
6 20
9 3
2 0
21 12
6 15
7 14
9 10
1 7
1 14
18 7
8 6
16 14
17 5
20 7
6 1
0 12
19 8
16 0
8 13
10 12
4 17
4 11
5 4
18 6
18 12
11 4
16 5
17 11
11 15
16 15
14 17
4 11
1 18
9 19
0 11
14 2
0 17
6 16
2 3
6 11
5 20
17 0
9 4
13 2
19 5
19 1
15 20
19 0
5 4
20 3
15 10
6 15
6 12
9 6
13 17
19 11
10 17
19 14
9 21
10 12
16 11
3 12
7 4
15 9
2 19
3 12
3 16
16 15
2 20
5 15
16 2
3 2
19 20
17 4
17 5
15 9
14 18
21 19
0 14
7 0
9 8
11 12
0 5
4 2
4 9
16 18
11 19
20 6
15 13
9 10
16 2
19 9
20 16
4 19
6 9
19 16
17 8
6 18
12 10
18 14
17 12
10 4
7 6
9 0
20 18
8 12
18 5
19 14
19 2
11 4
11 9
20 5
15 2
21 5
11 17
19 6
8 7
11 15
12 18
14 8
14 0
20 10
4 18
0 1
18 12
5 7
21 1
10 12
4 9
18 15
5 15
19 11
21 6
4 11
2 18
17 16
19 15
2 1
9 3
0 5
13 6
11 10
7 21
0 9
7 18
2 10
12 20
21 11
4 3
20 7
20 15
21 15
8 2
16 3
14 21
16 20
8 2
4 8
2 11
13 21
14 1
9 10
0 18
14 1
16 21
21 9
21 14
15 21
6 9
2 21
7 16
17 15
16 19
21 18
9 12
15 21
13 2
9 11
20 1
13 12
1 12
21 20
3 13
19 7
20 19
6 5
11 0
19 5
19 18
1 6
7 15
5 18
17 14
8 14
16 19
4 15
7 2
13 10
15 8
18 11
5 0
17 16
0 12
19 20
8 20
2 13
13 8
10 7
0 16
19 14
13 1
7 18
1 18
7 14
4 1
4 7
21 1
0 9
20 18
15 17
18 7
6 4
15 11
3 7
8 17
18 8
1 14
9 17
19 2
20 6
5 20
3 5
18 12
1 12
5 18
8 10
1 11
3 12
14 8
19 7
4 3
6 19
12 2
16 12
0 13
16 3
11 17
8 5
5 10
17 11
4 1
19 5
12 21
16 4
7 11
10 12
14 16
7 2
16 21
15 16
12 7
18 21
3 4
4 8
14 19
17 19
21 13
0 9
12 14
14 19
3 2
7 17
16 12
18 11
12 11
3 0
16 21
20 19
4 2
4 16
20 19
11 17
10 4
0 2
16 18
6 16
1 21
11 12
17 0
0 4
1 0
21 1
20 16
3 21
18 19
17 16
7 12
2 17
14 1
17 9
17 1
3 18
21 12
6 16
10 6
21 12
5 18
13 3
10 14
0 7
9 17
21 16
5 1
9 20
0 5
7 17
4 8
12 3
21 18
20 7
3 17
19 8
11 8
9 21
0 8
4 8
3 1
2 9
1 12
7 1
15 12
19 20
7 1
17 3
19 3
4 14
20 10
1 5
20 3
4 1
11 7
2 14
14 3
2 19
3 17
9 20
12 8
5 13
3 6
10 4
11 0
3 21
21 8
17 20
11 21
21 1
5 21
13 19
3 13
17 4
6 2
0 18
10 5
8 12
9 16
14 20
15 18
14 1
11 12
11 9
9 10
14 9
21 9
10 2
12 16
5 12
10 13
15 18
1 2
13 16
1 4
9 17
18 9
6 7
20 13
14 6
5 1
3 13
9 13
15 21
7 18
9 15
10 2
12 11
5 1
3 4
5 13
21 0
3 6
18 17
19 0
20 18
3 11
6 14
3 19
21 13
12 7
13 0
17 18
21 20
0 2
11 19
2 9
1 6
5 16
3 5
14 0
6 2
4 20
5 7
17 2
18 8
10 8
3 4
6 1
5 8
11 0
10 20
21 15
4 15
16 7
8 16
12 10
18 10
13 2
4 15
20 12
1 6
18 4
11 2
4 14
9 15
12 19
13 12
10 15
5 21
11 21
11 21
18 21
12 18
3 4
16 13
5 21
8 12
20 17
5 10
13 16
0 1
10 6
6 9
17 4
20 15
20 17
3 16
19 7
8 11
7 16
19 13
1 9
11 18
14 0
9 8
0 9
16 4
15 1
20 17
21 13
15 16
9 10
2 16
18 11
1 11
8 13
12 17
2 6
7 2
14 13
1 8
5 14
9 3
10 7
14 3
20 9
11 8
9 5
2 20
4 13
6 17
3 21
18 8
6 20
0 17
19 1
3 1
15 11
2 1
16 17
5 12
2 14
20 11
17 0
7 19
12 11
13 15
8 9
21 14
5 21
7 3
0 9
2 14
20 4
15 12
21 18
2 21
8 20
8 1
18 15
21 8
2 12
0 10
19 21
0 2
21 8
3 19
17 5
9 13
8 1
1 5
17 1
5 2
21 13
3 15
5 2
2 7
12 0
16 7
19 16
8 18
0 9
14 15
15 21
6 21
0 7
4 16
6 9
18 5
21 19
4 0
21 9
10 19
3 18
16 18
2 11
16 11
1 10
2 0
16 1
21 0
6 15
6 13
11 10
12 8
7 14
8 4
2 17
1 3
11 15
21 13
4 16
2 5
2 5
4 18
6 3
16 10
16 1
2 3
9 12
9 16
5 16
18 5
11 19
8 0
10 6
13 20
15 16
0 18
20 16
3 21
11 13
10 11
16 19
2 4
13 5
20 7
10 7
2 18
7 12
0 18
3 20
9 20
18 6
16 13
7 16
2 16
7 12
6 0
9 8
2 20
11 20
5 21
5 7
15 10
19 16
6 21
12 13
19 9
17 11
0 2
5 2
19 11
12 1
9 21
9 11
17 18
7 0
17 12
5 8
20 0
2 21
13 15
16 0
9 6
20 9
9 20
4 18
10 5
5 7
12 14
2 8
21 0
3 9
3 12
5 3
12 7
1 21
15 1
8 21
19 17
7 17
0 3
5 7
12 18
21 12
2 19
12 6
4 15
16 10
17 4
17 18
6 16
11 5
0 9
3 18
14 20
16 17
2 21
2 14
15 0
5 18
17 15
0 21
7 14
9 2
16 5
18 20
19 5
4 20
14 5
14 6
1 8
0 3
5 0
16 19
20 19
13 15
12 11
15 19
3 2
19 5
15 16
3 19
20 21
11 3
11 16
2 17
14 6
0 12
0 17
11 19
8 4
7 19
19 3
20 0
16 3
14 10
6 11
8 3
20 9
14 12
11 9
4 15
8 17
15 1
6 10
10 8
18 5
4 21
4 2
19 18
5 9
6 10
20 12
13 17
19 4
7 6
11 10
0 17
5 13
19 9
2 5
15 20
10 19
17 12
21 12
8 5
0 14
15 20
2 4
15 21
8 21
6 20
9 6
13 12
17 10
21 19
15 14
15 4
10 8
14 9
21 1
12 21
13 3
19 16
8 11
15 14
10 21
10 17
3 2
7 19
12 4
16 6
18 8
8 6
16 0
14 15
1 4
14 13
8 10
7 14
21 0
6 7
20 17
0 21
19 7
18 7
11 5
19 10
13 18
2 7
17 4
21 8
12 9
15 2
6 14
9 11
12 4
11 9
21 18
6 4
5 17
16 11
14 11
21 3
7 21
10 3
1 8
11 14
17 3
16 0
17 1
9 5
3 21
14 0
15 20
5 21
13 21
8 3
8 5
7 16
4 17
17 5
3 4
17 19
7 10
17 0
9 4
5 13
3 20
13 17
18 16
16 8
13 2
11 0
5 18
16 9
14 11
12 15
15 6
10 21
14 5
21 1
8 5
12 9
3 2
4 19
18 5
10 18
17 10
1 11
2 8
1 11
21 17
4 3
3 1
15 7
1 16
15 4
5 2
7 2
3 8
11 0
1 21
21 12
21 8
12 10
5 13
8 14
1 15
13 15
6 17
20 9
0 3
14 3
7 15
9 18
13 8
16 13
18 13
21 8
2 4
13 15
10 0
5 9
13 19
2 20
14 21
5 15
2 19
16 7
10 3
2 11
18 13
7 10
16 9
14 7
0 2
5 6
9 19
3 11
15 8
20 6
11 15
0 16
1 18
1 12
12 14
18 20
2 10
7 14
17 8
14 21
12 1
16 13
13 7
6 19
5 11
6 18
9 1
19 11
19 21
21 10
11 17
8 14
5 13
4 21
21 19
20 9
20 12
0 9
19 5
7 0
14 13
16 1
12 13
12 10
10 12
18 20
5 4
10 11
17 14
8 15
11 4
0 10
16 1
17 11
4 0
11 18
12 5
19 2
16 8
12 3
18 8
1 10
11 10
4 3
18 19
13 20
19 21
12 18
16 1
0 17
10 18
7 13
14 9
8 0
20 9
18 4
10 17
15 19
6 19
0 14
13 21
9 12
11 6
5 11
4 20
21 5
13 12
19 13
8 6
7 13
16 2
6 13
6 1
11 5
15 1
2 0
11 6
16 0
9 12
0 8
17 11
19 6
8 14
12 15
5 4
15 9
15 20
8 4
3 1
3 5
2 15
16 6
7 15
13 20
13 19
13 2
16 17
8 2
10 20
15 13
