47
30 5
35 26
18 28
43 10
46 35
29 35
16 9
32 46
0 27
39 0
11 41
30 5
38 39
2 22
22 35
31 27
2 10
24 30
32 35
29 20
43 17
15 32
28 0
10 28
7 28
28 44
22 12
2 40
30 4
15 5
19 46
12 21
36 5
21 3
13 21
26 10
36 11
38 16
21 20
2 28
27 46
4 39
2 44
22 32
38 7
30 16
19 5
31 34
36 6
17 2
6 43
38 21
33 30
16 33
29 18
14 9
44 18
28 25
41 29
10 11
36 20
28 34
25 12
22 40
44 39
21 29
14 13
4 0
22 46
33 4
18 0
39 15
45 46
19 39
29 8
30 44
28 11
32 2
7 25
0 25
0 29
18 39
12 18
14 12
30 44
9 30
15 3
7 15
22 26
44 30
9 41
12 20
26 44
22 12
2 1
16 2
10 34
20 22
31 13
13 14
10 22
24 25
25 31
40 26
36 16
10 45
37 1
18 16
24 20
8 26
21 3
7 10
17 27
33 27
40 25
21 29
1 45
34 5
8 6
32 45
23 21
22 39
22 41
8 46
40 42
26 40
25 12
4 42
40 16
22 12
41 43
21 20
8 6
8 14
17 32
16 38
7 8
39 27
43 17
46 17
22 40
42 35
23 16
7 39
18 19
12 14
40 13
